,secs,meas
0,0.0,0.1
1,0.015625,-0.23
2,0.03125,-0.75
3,0.046875,-1.31
4,0.0625,-1.8
5,0.078125,-2.16
6,0.09375,-2.37
7,0.109375,-2.41
8,0.125,-2.25
9,0.140625,-1.88
10,0.15625,-1.31
11,0.171875,-0.61
12,0.1875,0.06
13,0.203125,0.58
14,0.21875,0.87
15,0.234375,0.88
16,0.25,0.71
17,0.265625,0.42
18,0.28125,0.04
19,0.296875,-0.48
20,0.3125,-1.32
21,0.328125,-2.63
22,0.34375,-4.48
23,0.359375,-6.68
24,0.375,-8.8
25,0.390625,-10.26
26,0.40625,-10.55
27,0.421875,-9.44
28,0.4375,-7.03
29,0.453125,-3.76
30,0.46875,-0.22
31,0.484375,3.0
32,0.5,5.49
33,0.515625,7.04
34,0.53125,7.7
35,0.546875,7.66
36,0.5625,7.19
37,0.578125,6.61
38,0.59375,6.17
39,0.609375,6.02
40,0.625,6.14
41,0.640625,6.38
42,0.65625,6.47
43,0.671875,6.24
44,0.6875,5.58
45,0.703125,4.54
46,0.71875,3.27
47,0.734375,1.99
48,0.75,0.85
49,0.765625,-0.07
50,0.78125,-0.75
51,0.796875,-1.29
52,0.8125,-1.83
53,0.828125,-2.53
54,0.84375,-3.56
55,0.859375,-4.98
56,0.875,-6.77
57,0.890625,-8.78
58,0.90625,-10.78
59,0.921875,-12.57
60,0.9375,-14.06
61,0.953125,-15.29
62,0.96875,-16.47
63,0.984375,-17.85
64,1.0,-19.57
65,1.015625,-21.59
66,1.03125,-23.63
67,1.046875,-25.17
68,1.0625,-25.65
69,1.078125,-24.6
70,1.09375,-21.83
71,1.109375,-17.55
72,1.125,-12.33
73,1.140625,-6.91
74,1.15625,-2.09
75,1.171875,1.63
76,1.1875,4.12
77,1.203125,5.61
78,1.21875,6.51
79,1.234375,7.18
80,1.25,7.79
81,1.265625,8.27
82,1.28125,8.5
83,1.296875,8.47
84,1.3125,8.31
85,1.328125,8.28
86,1.34375,8.62
87,1.359375,9.36
88,1.375,10.36
89,1.390625,11.36
90,1.40625,12.07
91,1.421875,12.35
92,1.4375,12.16
93,1.453125,11.6
94,1.46875,10.81
95,1.484375,9.88
96,1.5,8.86
97,1.515625,7.72
98,1.53125,6.34
99,1.546875,4.58
100,1.5625,2.34
101,1.578125,-0.35
102,1.59375,-3.36
103,1.609375,-6.41
104,1.625,-9.22
105,1.640625,-11.53
106,1.65625,-13.22
107,1.671875,-14.33
108,1.6875,-15.09
109,1.703125,-15.87
110,1.71875,-17.05
111,1.734375,-18.9
112,1.75,-21.32
113,1.765625,-23.86
114,1.78125,-25.74
115,1.796875,-26.17
116,1.8125,-24.66
117,1.828125,-21.26
118,1.84375,-16.53
119,1.859375,-11.34
120,1.875,-6.57
121,1.890625,-2.83
122,1.90625,-0.28
123,1.921875,1.25
124,1.9375,2.15
125,1.953125,2.82
126,1.96875,3.51
127,1.984375,4.31
128,2.0,5.18
129,2.015625,6.04
130,2.03125,6.85
131,2.046875,7.59
132,2.0625,8.24
133,2.078125,8.73
134,2.09375,8.92
135,2.109375,8.68
136,2.125,7.97
137,2.140625,6.87
138,2.15625,5.53
139,2.171875,4.14
140,2.1875,2.83
141,2.203125,1.65
142,2.21875,0.56
143,2.234375,-0.54
144,2.25,-1.77
145,2.265625,-3.19
146,2.28125,-4.86
147,2.296875,-6.7
148,2.3125,-8.54
149,2.328125,-10.11
150,2.34375,-11.26
151,2.359375,-11.95
152,2.375,-12.4
153,2.390625,-13.02
154,2.40625,-14.2
155,2.421875,-16.22
156,2.4375,-19.05
157,2.453125,-22.28
158,2.46875,-25.23
159,2.484375,-27.12
160,2.5,-27.28
161,2.515625,-25.41
162,2.53125,-21.7
163,2.546875,-16.75
164,2.5625,-11.39
165,2.578125,-6.39
166,2.59375,-2.28
167,2.609375,0.76
168,2.625,2.85
169,2.640625,4.26
170,2.65625,5.33
171,2.671875,6.28
172,2.6875,7.23
173,2.703125,8.21
174,2.71875,9.22
175,2.734375,10.23
176,2.75,11.25
177,2.765625,12.3
178,2.78125,13.36
179,2.796875,14.35
180,2.8125,15.12
181,2.828125,15.56
182,2.84375,15.59
183,2.859375,15.27
184,2.875,14.72
185,2.890625,14.0
186,2.90625,13.04
187,2.921875,11.65
188,2.9375,9.58
189,2.953125,6.75
190,2.96875,3.33
191,2.984375,-0.31
192,3.0,-3.74
193,3.015625,-6.63
194,3.03125,-8.86
195,3.046875,-10.57
196,3.0625,-12.03
197,3.078125,-13.59
198,3.09375,-15.56
199,3.109375,-18.16
200,3.125,-21.34
201,3.140625,-24.77
202,3.15625,-27.79
203,3.171875,-29.6
204,3.1875,-29.54
205,3.203125,-27.39
206,3.21875,-23.49
207,3.234375,-18.64
208,3.25,-13.78
209,3.265625,-9.61
210,3.28125,-6.42
211,3.296875,-4.03
212,3.3125,-2.08
213,3.328125,-0.24
214,3.34375,1.54
215,3.359375,3.1
216,3.375,4.2
217,3.390625,4.74
218,3.40625,4.89
219,3.421875,5.05
220,3.4375,5.68
221,3.453125,7.07
222,3.46875,9.19
223,3.484375,11.72
224,3.5,14.21
225,3.515625,16.22
226,3.53125,17.6
227,3.546875,18.4
228,3.5625,18.79
229,3.578125,18.9
230,3.59375,18.7
231,3.609375,18.03
232,3.625,16.71
233,3.640625,14.68
234,3.65625,12.04
235,3.671875,9.07
236,3.6875,6.12
237,3.703125,3.47
238,3.71875,1.34
239,3.734375,-0.28
240,3.75,-1.61
241,3.765625,-3.04
242,3.78125,-5.09
243,3.796875,-8.11
244,3.8125,-12.18
245,3.828125,-16.91
246,3.84375,-21.51
247,3.859375,-24.98
248,3.875,-26.5
249,3.890625,-25.62
250,3.90625,-22.47
251,3.921875,-17.65
252,3.9375,-11.99
253,3.953125,-6.33
254,3.96875,-1.28
255,3.984375,2.8
256,4.0,5.84
257,4.015625,7.88
258,4.03125,9.11
259,4.046875,9.81
260,4.0625,10.36
261,4.078125,11.1
262,4.09375,12.23
263,4.109375,13.69
264,4.125,15.15
265,4.140625,16.24
266,4.15625,16.68
267,4.171875,16.52
268,4.1875,16.08
269,4.203125,15.74
270,4.21875,15.74
271,4.234375,16.06
272,4.25,16.44
273,4.265625,16.56
274,4.28125,16.16
275,4.296875,15.11
276,4.3125,13.38
277,4.328125,11.05
278,4.34375,8.23
279,4.359375,5.21
280,4.375,2.32
281,4.390625,-0.08
282,4.40625,-1.85
283,4.421875,-3.1
284,4.4375,-4.17
285,4.453125,-5.53
286,4.46875,-7.52
287,4.484375,-10.27
288,4.5,-13.58
289,4.515625,-16.96
290,4.53125,-19.73
291,4.546875,-21.16
292,4.5625,-20.69
293,4.578125,-18.13
294,4.59375,-13.73
295,4.609375,-8.19
296,4.625,-2.4
297,4.640625,2.86
298,4.65625,7.12
299,4.671875,10.28
300,4.6875,12.52
301,4.703125,14.09
302,4.71875,15.21
303,4.734375,16.07
304,4.75,16.76
305,4.765625,17.38
306,4.78125,17.97
307,4.796875,18.55
308,4.8125,19.04
309,4.828125,19.38
310,4.84375,19.53
311,4.859375,19.49
312,4.875,19.3
313,4.890625,18.97
314,4.90625,18.44
315,4.921875,17.64
316,4.9375,16.46
317,4.953125,14.89
318,4.96875,13.06
319,4.984375,11.15
320,5.0,9.35
321,5.015625,7.75
322,5.03125,6.28
323,5.046875,4.7
324,5.0625,2.7
325,5.078125,0.03
326,5.09375,-3.44
327,5.109375,-7.59
328,5.125,-12.06
329,5.140625,-16.27
330,5.15625,-19.5
331,5.171875,-21.04
332,5.1875,-20.38
333,5.203125,-17.38
334,5.21875,-12.37
335,5.234375,-6.11
336,5.25,0.39
337,5.265625,6.12
338,5.28125,10.36
339,5.296875,12.88
340,5.3125,13.9
341,5.328125,13.98
342,5.34375,13.82
343,5.359375,13.87
344,5.375,14.27
345,5.390625,14.8
346,5.40625,15.1
347,5.421875,14.88
348,5.4375,14.12
349,5.453125,13.01
350,5.46875,11.88
351,5.484375,10.97
352,5.5,10.27
353,5.515625,9.55
354,5.53125,8.5
355,5.546875,6.92
356,5.5625,4.72
357,5.578125,2.0
358,5.59375,-1.07
359,5.609375,-4.34
360,5.625,-7.74
361,5.640625,-11.21
362,5.65625,-14.76
363,5.671875,-18.42
364,5.6875,-22.25
365,5.703125,-26.34
366,5.71875,-30.72
367,5.734375,-35.32
368,5.75,-39.75
369,5.765625,-43.44
370,5.78125,-45.66
371,5.796875,-45.78
372,5.8125,-43.53
373,5.828125,-39.06
374,5.84375,-32.97
375,5.859375,-26.16
376,5.875,-19.59
377,5.890625,-14.06
378,5.90625,-10.04
379,5.921875,-7.52
380,5.9375,-6.13
381,5.953125,-5.21
382,5.96875,-4.09
383,5.984375,-2.38
384,6.0,0.04
385,6.015625,3.0
386,6.03125,6.19
387,6.046875,9.48
388,6.0625,12.92
389,6.078125,16.67
390,6.09375,20.79
391,6.109375,24.97
392,6.125,28.62
393,6.140625,31.03
394,6.15625,31.69
395,6.171875,30.53
396,6.1875,28.04
397,6.203125,24.98
398,6.21875,22.15
399,6.234375,19.99
400,6.25,18.55
401,6.265625,17.51
402,6.28125,16.38
403,6.296875,14.73
404,6.3125,12.3
405,6.328125,9.05
406,6.34375,5.09
407,6.359375,0.6
408,6.375,-4.09
409,6.390625,-8.46
410,6.40625,-11.87
411,6.421875,-13.63
412,6.4375,-13.28
413,6.453125,-10.79
414,6.46875,-6.59
415,6.484375,-1.46
416,6.5,3.71
417,6.515625,8.27
418,6.53125,11.85
419,6.546875,14.47
420,6.5625,16.37
421,6.578125,17.85
422,6.59375,19.11
423,6.609375,20.23
424,6.625,21.09
425,6.640625,21.52
426,6.65625,21.35
427,6.671875,20.55
428,6.6875,19.24
429,6.703125,17.71
430,6.71875,16.22
431,6.734375,14.91
432,6.75,13.72
433,6.765625,12.43
434,6.78125,10.82
435,6.796875,8.8
436,6.8125,6.44
437,6.828125,3.92
438,6.84375,1.46
439,6.859375,-0.87
440,6.875,-3.11
441,6.890625,-5.44
442,6.90625,-8.07
443,6.921875,-11.21
444,6.9375,-14.97
445,6.953125,-19.33
446,6.96875,-24.04
447,6.984375,-28.65
448,7.0,-32.48
449,7.015625,-34.81
450,7.03125,-35.06
451,7.046875,-33.02
452,7.0625,-28.94
453,7.078125,-23.48
454,7.09375,-17.52
455,7.109375,-11.87
456,7.125,-7.11
457,7.140625,-3.43
458,7.15625,-0.67
459,7.171875,1.49
460,7.1875,3.46
461,7.203125,5.45
462,7.21875,7.49
463,7.234375,9.43
464,7.25,11.05
465,7.265625,12.16
466,7.28125,12.72
467,7.296875,12.87
468,7.3125,12.81
469,7.328125,12.75
470,7.34375,12.72
471,7.359375,12.63
472,7.375,12.26
473,7.390625,11.43
474,7.40625,10.11
475,7.421875,8.36
476,7.4375,6.39
477,7.453125,4.34
478,7.46875,2.3
479,7.484375,0.18
480,7.5,-2.13
481,7.515625,-4.76
482,7.53125,-7.79
483,7.546875,-11.23
484,7.5625,-15.04
485,7.578125,-19.08
486,7.59375,-23.03
487,7.609375,-26.38
488,7.625,-28.44
489,7.640625,-28.52
490,7.65625,-26.22
491,7.671875,-21.63
492,7.6875,-15.39
493,7.703125,-8.53
494,7.71875,-2.12
495,7.734375,3.08
496,7.75,6.85
497,7.765625,9.42
498,7.78125,11.33
499,7.796875,13.08
500,7.8125,14.97
501,7.828125,17.01
502,7.84375,19.03
503,7.859375,20.84
504,7.875,22.3
505,7.890625,23.4
506,7.90625,24.19
507,7.921875,24.75
508,7.9375,25.1
509,7.953125,25.22
510,7.96875,25.13
511,7.984375,24.83
512,8.0,24.37
513,8.015625,23.79
514,8.03125,22.98
515,8.046875,21.75
516,8.0625,19.83
517,8.078125,17.03
518,8.09375,13.39
519,8.109375,9.2
520,8.125,4.96
521,8.140625,1.16
522,8.15625,-1.91
523,8.171875,-4.32
524,8.1875,-6.42
525,8.203125,-8.71
526,8.21875,-11.62
527,8.234375,-15.27
528,8.25,-19.42
529,8.265625,-23.43
530,8.28125,-26.44
531,8.296875,-27.62
532,8.3125,-26.45
533,8.328125,-22.87
534,8.34375,-17.39
535,8.359375,-10.92
536,8.375,-4.52
537,8.390625,0.95
538,8.40625,5.02
539,8.421875,7.73
540,8.4375,9.5
541,8.453125,10.95
542,8.46875,12.63
543,8.484375,14.78
544,8.5,17.33
545,8.515625,19.93
546,8.53125,22.16
547,8.546875,23.73
548,8.5625,24.56
549,8.578125,24.73
550,8.59375,24.43
551,8.609375,23.82
552,8.625,22.98
553,8.640625,21.93
554,8.65625,20.72
555,8.671875,19.44
556,8.6875,18.23
557,8.703125,17.19
558,8.71875,16.32
559,8.734375,15.45
560,8.75,14.31
561,8.765625,12.67
562,8.78125,10.41
563,8.796875,7.65
564,8.8125,4.68
565,8.828125,1.85
566,8.84375,-0.62
567,8.859375,-2.77
568,8.875,-4.91
569,8.890625,-7.55
570,8.90625,-11.1
571,8.921875,-15.6
572,8.9375,-20.6
573,8.953125,-25.15
574,8.96875,-28.13
575,8.984375,-28.68
576,9.0,-26.52
577,9.015625,-22.08
578,9.03125,-16.37
579,9.046875,-10.51
580,9.0625,-5.41
581,9.078125,-1.48
582,9.09375,1.36
583,9.109375,3.48
584,9.125,5.34
585,9.140625,7.2
586,9.15625,9.14
587,9.171875,11.1
588,9.1875,12.94
589,9.203125,14.55
590,9.21875,15.79
591,9.234375,16.57
592,9.25,16.84
593,9.265625,16.63
594,9.28125,16.02
595,9.296875,15.16
596,9.3125,14.21
597,9.328125,13.28
598,9.34375,12.4
599,9.359375,11.52
600,9.375,10.51
601,9.390625,9.19
602,9.40625,7.39
603,9.421875,5.01
604,9.4375,2.11
605,9.453125,-1.08
606,9.46875,-4.21
607,9.484375,-6.92
608,9.5,-8.95
609,9.515625,-10.31
610,9.53125,-11.37
611,9.546875,-12.69
612,9.5625,-14.77
613,9.578125,-17.81
614,9.59375,-21.54
615,9.609375,-25.21
616,9.625,-27.83
617,9.640625,-28.55
618,9.65625,-26.94
619,9.671875,-23.17
620,9.6875,-17.9
621,9.703125,-12.04
622,9.71875,-6.47
623,9.734375,-1.77
624,9.75,1.82
625,9.765625,4.42
626,9.78125,6.32
627,9.796875,7.87
628,9.8125,9.3
629,9.828125,10.74
630,9.84375,12.19
631,9.859375,13.53
632,9.875,14.6
633,9.890625,15.23
634,9.90625,15.32
635,9.921875,14.9
636,9.9375,14.09
637,9.953125,13.12
638,9.96875,12.21
639,9.984375,11.5
640,10.0,10.96
641,10.015625,10.45
642,10.03125,9.72
643,10.046875,8.57
644,10.0625,6.88
645,10.078125,4.7
646,10.09375,2.18
647,10.109375,-0.47
648,10.125,-3.03
649,10.140625,-5.36
650,10.15625,-7.42
651,10.171875,-9.26
652,10.1875,-11.02
653,10.203125,-12.89
654,10.21875,-15.06
655,10.234375,-17.67
656,10.25,-20.69
657,10.265625,-23.82
658,10.28125,-26.46
659,10.296875,-27.89
660,10.3125,-27.49
661,10.328125,-24.98
662,10.34375,-20.62
663,10.359375,-15.13
664,10.375,-9.42
665,10.390625,-4.3
666,10.40625,-0.25
667,10.421875,2.71
668,10.4375,4.8
669,10.453125,6.36
670,10.46875,7.69
671,10.484375,8.94
672,10.5,10.2
673,10.515625,11.43
674,10.53125,12.57
675,10.546875,13.52
676,10.5625,14.2
677,10.578125,14.55
678,10.59375,14.62
679,10.609375,14.52
680,10.625,14.41
681,10.640625,14.42
682,10.65625,14.62
683,10.671875,14.94
684,10.6875,15.26
685,10.703125,15.4
686,10.71875,15.25
687,10.734375,14.67
688,10.75,13.62
689,10.765625,12.03
690,10.78125,9.87
691,10.796875,7.2
692,10.8125,4.08
693,10.828125,0.72
694,10.84375,-2.6
695,10.859375,-5.58
696,10.875,-8.03
697,10.890625,-9.93
698,10.90625,-11.61
699,10.921875,-13.54
700,10.9375,-16.15
701,10.953125,-19.63
702,10.96875,-23.69
703,10.984375,-27.63
704,11.0,-30.48
705,11.015625,-31.42
706,11.03125,-30.04
707,11.046875,-26.47
708,11.0625,-21.33
709,11.078125,-15.44
710,11.09375,-9.65
711,11.109375,-4.51
712,11.125,-0.32
713,11.140625,2.93
714,11.15625,5.38
715,11.171875,7.29
716,11.1875,8.88
717,11.203125,10.34
718,11.21875,11.78
719,11.234375,13.22
720,11.25,14.63
721,11.265625,15.9
722,11.28125,16.91
723,11.296875,17.5
724,11.3125,17.58
725,11.328125,17.13
726,11.34375,16.22
727,11.359375,15.04
728,11.375,13.86
729,11.390625,12.94
730,11.40625,12.42
731,11.421875,12.24
732,11.4375,12.19
733,11.453125,11.93
734,11.46875,11.13
735,11.484375,9.58
736,11.5,7.31
737,11.515625,4.55
738,11.53125,1.64
739,11.546875,-1.1
740,11.5625,-3.51
741,11.578125,-5.6
742,11.59375,-7.6
743,11.609375,-9.82
744,11.625,-12.54
745,11.640625,-15.92
746,11.65625,-19.85
747,11.671875,-23.98
748,11.6875,-27.74
749,11.703125,-30.41
750,11.71875,-31.33
751,11.734375,-30.11
752,11.75,-26.79
753,11.765625,-21.91
754,11.78125,-16.37
755,11.796875,-11.09
756,11.8125,-6.75
757,11.828125,-3.6
758,11.84375,-1.43
759,11.859375,0.19
760,11.875,1.65
761,11.890625,3.13
762,11.90625,4.62
763,11.921875,5.96
764,11.9375,7.04
765,11.953125,7.88
766,11.96875,8.61
767,11.984375,9.37
768,12.0,10.19
769,12.015625,10.98
770,12.03125,11.56
771,12.046875,11.78
772,12.0625,11.6
773,12.078125,11.08
774,12.09375,10.33
775,12.109375,9.41
776,12.125,8.32
777,12.140625,6.9
778,12.15625,5.0
779,12.171875,2.53
780,12.1875,-0.4
781,12.203125,-3.55
782,12.21875,-6.52
783,12.234375,-8.98
784,12.25,-10.81
785,12.265625,-12.12
786,12.28125,-13.34
787,12.296875,-15.0
788,12.3125,-17.53
789,12.328125,-21.08
790,12.34375,-25.31
791,12.359375,-29.45
792,12.375,-32.47
793,12.390625,-33.45
794,12.40625,-31.84
795,12.421875,-27.68
796,12.4375,-21.61
797,12.453125,-14.61
798,12.46875,-7.77
799,12.484375,-1.89
800,12.5,2.63
801,12.515625,5.79
802,12.53125,7.9
803,12.546875,9.34
804,12.5625,10.47
805,12.578125,11.5
806,12.59375,12.57
807,12.609375,13.67
808,12.625,14.79
809,12.640625,15.87
810,12.65625,16.85
811,12.671875,17.7
812,12.6875,18.37
813,12.703125,18.85
814,12.71875,19.1
815,12.734375,19.14
816,12.75,18.96
817,12.765625,18.58
818,12.78125,18.02
819,12.796875,17.27
820,12.8125,16.28
821,12.828125,14.89
822,12.84375,12.96
823,12.859375,10.36
824,12.875,7.17
825,12.890625,3.64
826,12.90625,0.16
827,12.921875,-2.82
828,12.9375,-5.05
829,12.953125,-6.51
830,12.96875,-7.56
831,12.984375,-8.73
832,13.0,-10.6
833,13.015625,-13.55
834,13.03125,-17.58
835,13.046875,-22.24
836,13.0625,-26.67
837,13.078125,-29.84
838,13.09375,-30.88
839,13.109375,-29.32
840,13.125,-25.35
841,13.140625,-19.66
842,13.15625,-13.29
843,13.171875,-7.23
844,13.1875,-2.18
845,13.203125,1.65
846,13.21875,4.46
847,13.234375,6.66
848,13.25,8.65
849,13.265625,10.58
850,13.28125,12.42
851,13.296875,14.0
852,13.3125,15.22
853,13.328125,16.09
854,13.34375,16.75
855,13.359375,17.31
856,13.375,17.8
857,13.390625,18.11
858,13.40625,18.03
859,13.421875,17.42
860,13.4375,16.31
861,13.453125,14.97
862,13.46875,13.71
863,13.484375,12.83
864,13.5,12.36
865,13.515625,12.14
866,13.53125,11.82
867,13.546875,10.99
868,13.5625,9.41
869,13.578125,7.02
870,13.59375,4.02
871,13.609375,0.74
872,13.625,-2.48
873,13.640625,-5.39
874,13.65625,-7.89
875,13.671875,-10.04
876,13.6875,-12.0
877,13.703125,-13.99
878,13.71875,-16.31
879,13.734375,-19.23
880,13.75,-22.9
881,13.765625,-27.18
882,13.78125,-31.54
883,13.796875,-35.11
884,13.8125,-36.89
885,13.828125,-36.17
886,13.84375,-32.77
887,13.859375,-27.22
888,13.875,-20.47
889,13.890625,-13.64
890,13.90625,-7.59
891,13.921875,-2.8
892,13.9375,0.7
893,13.953125,3.13
894,13.96875,4.84
895,13.984375,6.19
896,14.0,7.4
897,14.015625,8.65
898,14.03125,9.96
899,14.046875,11.29
900,14.0625,12.55
901,14.078125,13.67
902,14.09375,14.66
903,14.109375,15.47
904,14.125,16.02
905,14.140625,16.19
906,14.15625,15.81
907,14.171875,14.86
908,14.1875,13.45
909,14.203125,11.9
910,14.21875,10.49
911,14.234375,9.38
912,14.25,8.42
913,14.265625,7.26
914,14.28125,5.56
915,14.296875,3.2
916,14.3125,0.38
917,14.328125,-2.49
918,14.34375,-5.0
919,14.359375,-6.98
920,14.375,-8.55
921,14.390625,-10.09
922,14.40625,-12.06
923,14.421875,-14.78
924,14.4375,-18.29
925,14.453125,-22.35
926,14.46875,-26.41
927,14.484375,-29.72
928,14.5,-31.5
929,14.515625,-31.16
930,14.53125,-28.52
931,14.546875,-23.92
932,14.5625,-18.13
933,14.578125,-12.12
934,14.59375,-6.69
935,14.609375,-2.32
936,14.625,0.94
937,14.640625,3.35
938,14.65625,5.29
939,14.671875,7.05
940,14.6875,8.72
941,14.703125,10.29
942,14.71875,11.63
943,14.734375,12.71
944,14.75,13.54
945,14.765625,14.18
946,14.78125,14.63
947,14.796875,14.83
948,14.8125,14.66
949,14.828125,14.08
950,14.84375,13.14
951,14.859375,11.99
952,14.875,10.82
953,14.890625,9.75
954,14.90625,8.75
955,14.921875,7.67
956,14.9375,6.26
957,14.953125,4.37
958,14.96875,2.0
959,14.984375,-0.71
960,15.0,-3.53
961,15.015625,-6.23
962,15.03125,-8.69
963,15.046875,-10.96
964,15.0625,-13.18
965,15.078125,-15.62
966,15.09375,-18.51
967,15.109375,-21.95
968,15.125,-25.76
969,15.140625,-29.41
970,15.15625,-32.08
971,15.171875,-32.91
972,15.1875,-31.32
973,15.203125,-27.29
974,15.21875,-21.41
975,15.234375,-14.76
976,15.25,-8.47
977,15.265625,-3.43
978,15.28125,0.06
979,15.296875,2.2
980,15.3125,3.52
981,15.328125,4.64
982,15.34375,5.98
983,15.359375,7.74
984,15.375,9.9
985,15.390625,12.31
986,15.40625,14.75
987,15.421875,17.01
988,15.4375,18.83
989,15.453125,20.05
990,15.46875,20.54
991,15.484375,20.32
992,15.5,19.53
993,15.515625,18.41
994,15.53125,17.24
995,15.546875,16.17
996,15.5625,15.26
997,15.578125,14.4
998,15.59375,13.36
999,15.609375,11.86
1000,15.625,9.67
1001,15.640625,6.73
1002,15.65625,3.19
1003,15.671875,-0.65
1004,15.6875,-4.38
1005,15.703125,-7.69
1006,15.71875,-10.45
1007,15.734375,-12.83
1008,15.75,-15.19
1009,15.765625,-17.97
1010,15.78125,-21.47
1011,15.796875,-25.66
1012,15.8125,-30.17
1013,15.828125,-34.23
1014,15.84375,-36.93
1015,15.859375,-37.41
1016,15.875,-35.21
1017,15.890625,-30.44
1018,15.90625,-23.8
1019,15.921875,-16.36
1020,15.9375,-9.2
1021,15.953125,-3.11
1022,15.96875,1.65
1023,15.984375,5.2
1024,16.0,7.9
1025,16.015625,10.08
1026,16.03125,11.92
1027,16.046875,13.46
1028,16.0625,14.7
1029,16.078125,15.72
1030,16.09375,16.65
1031,16.109375,17.59
1032,16.125,18.54
1033,16.140625,19.38
1034,16.15625,19.97
1035,16.171875,20.16
1036,16.1875,19.95
1037,16.203125,19.44
1038,16.21875,18.84
1039,16.234375,18.34
1040,16.25,18.0
1041,16.265625,17.68
1042,16.28125,17.08
1043,16.296875,15.94
1044,16.3125,14.06
1045,16.328125,11.45
1046,16.34375,8.32
1047,16.359375,4.99
1048,16.375,1.77
1049,16.390625,-1.1
1050,16.40625,-3.55
1051,16.421875,-5.64
1052,16.4375,-7.52
1053,16.453125,-9.49
1054,16.46875,-11.84
1055,16.484375,-14.82
1056,16.5,-18.4
1057,16.515625,-22.16
1058,16.53125,-25.28
1059,16.546875,-26.78
1060,16.5625,-25.84
1061,16.578125,-22.15
1062,16.59375,-16.11
1063,16.609375,-8.65
1064,16.625,-0.99
1065,16.640625,5.83
1066,16.65625,11.2
1067,16.671875,15.11
1068,16.6875,17.99
1069,16.703125,20.52
1070,16.71875,23.28
1071,16.734375,26.52
1072,16.75,30.11
1073,16.765625,33.62
1074,16.78125,36.57
1075,16.796875,38.73
1076,16.8125,40.25
1077,16.828125,41.64
1078,16.84375,43.61
1079,16.859375,46.65
1080,16.875,50.9
1081,16.890625,56.01
1082,16.90625,61.31
1083,16.921875,66.05
1084,16.9375,69.79
1085,16.953125,72.54
1086,16.96875,74.85
1087,16.984375,77.5
1088,17.0,81.15
1089,17.015625,86.03
1090,17.03125,91.81
1091,17.046875,97.75
1092,17.0625,103.05
1093,17.078125,107.23
1094,17.09375,110.26
1095,17.109375,112.49
1096,17.125,114.39
1097,17.140625,116.5
1098,17.15625,119.65
1099,17.171875,124.92
1100,17.1875,133.37
1101,17.203125,145.23
1102,17.21875,159.03
1103,17.234375,171.23
1104,17.25,176.99
1105,17.265625,171.83
1106,17.28125,153.46
1107,17.296875,122.82
1108,17.3125,83.67
1109,17.328125,40.86
1110,17.34375,-1.67
1111,17.359375,-42.07
1112,17.375,-80.23
1113,17.390625,-116.43
1114,17.40625,-149.91
1115,17.421875,-178.6
1116,17.4375,-199.98
1117,17.453125,-212.68
1118,17.46875,-217.4
1119,17.484375,-216.52
1120,17.5,-212.61
1121,17.515625,-206.6
1122,17.53125,-196.93
1123,17.546875,-180.15
1124,17.5625,-152.72
1125,17.578125,-112.98
1126,17.59375,-62.01
1127,17.609375,-3.01
1128,17.625,60.1
1129,17.640625,123.83
1130,17.65625,185.46
1131,17.671875,242.3
1132,17.6875,290.87
1133,17.703125,326.62
1134,17.71875,344.93
1135,17.734375,342.67
1136,17.75,319.91
1137,17.765625,280.4
1138,17.78125,230.74
1139,17.796875,178.48
1140,17.8125,129.95
1141,17.828125,88.95
1142,17.84375,56.26
1143,17.859375,30.29
1144,17.875,8.08
1145,17.890625,-13.61
1146,17.90625,-37.87
1147,17.921875,-67.11
1148,17.9375,-102.29
1149,17.953125,-141.97
1150,17.96875,-181.44
1151,17.984375,-213.1
1152,18.0,-228.41
1153,18.015625,-221.19
1154,18.03125,-190.53
1155,18.046875,-142.04
1156,18.0625,-86.32
1157,18.078125,-35.28
1158,18.09375,1.97
1159,18.109375,21.58
1160,18.125,25.0
1161,18.140625,16.83
1162,18.15625,2.06
1163,18.171875,-15.79
1164,18.1875,-34.94
1165,18.203125,-54.59
1166,18.21875,-73.85
1167,18.234375,-91.49
1168,18.25,-106.29
1169,18.265625,-117.74
1170,18.28125,-126.26
1171,18.296875,-133.14
1172,18.3125,-139.78
1173,18.328125,-146.96
1174,18.34375,-154.39
1175,18.359375,-160.82
1176,18.375,-164.77
1177,18.390625,-165.16
1178,18.40625,-161.98
1179,18.421875,-156.37
1180,18.4375,-150.11
1181,18.453125,-144.8
1182,18.46875,-141.16
1183,18.484375,-138.69
1184,18.5,-135.89
1185,18.515625,-131.05
1186,18.53125,-122.97
1187,18.546875,-111.54
1188,18.5625,-97.82
1189,18.578125,-83.58
1190,18.59375,-70.57
1191,18.609375,-59.91
1192,18.625,-51.74
1193,18.640625,-45.29
1194,18.65625,-39.41
1195,18.671875,-33.15
1196,18.6875,-26.14
1197,18.703125,-18.74
1198,18.71875,-11.69
1199,18.734375,-5.74
1200,18.75,-1.3
1201,18.765625,1.71
1202,18.78125,3.7
1203,18.796875,5.14
1204,18.8125,6.42
1205,18.828125,7.69
1206,18.84375,8.96
1207,18.859375,10.13
1208,18.875,11.05
1209,18.890625,11.59
1210,18.90625,11.67
1211,18.921875,11.29
1212,18.9375,10.54
1213,18.953125,9.56
1214,18.96875,8.41
1215,18.984375,7.01
1216,19.0,5.1
1217,19.015625,2.37
1218,19.03125,-1.47
1219,19.046875,-6.56
1220,19.0625,-12.78
1221,19.078125,-19.7
1222,19.09375,-26.53
1223,19.109375,-32.17
1224,19.125,-35.4
1225,19.140625,-35.23
1226,19.15625,-31.36
1227,19.171875,-24.31
1228,19.1875,-15.39
1229,19.203125,-6.23
1230,19.21875,1.75
1231,19.234375,7.76
1232,19.25,11.78
1233,19.265625,14.34
1234,19.28125,16.16
1235,19.296875,17.83
1236,19.3125,19.56
1237,19.328125,21.24
1238,19.34375,22.56
1239,19.359375,23.21
1240,19.375,23.12
1241,19.390625,22.44
1242,19.40625,21.51
1243,19.421875,20.65
1244,19.4375,20.04
1245,19.453125,19.54
1246,19.46875,18.86
1247,19.484375,17.61
1248,19.5,15.59
1249,19.515625,12.86
1250,19.53125,9.66
1251,19.546875,6.31
1252,19.5625,3.01
1253,19.578125,-0.17
1254,19.59375,-3.23
1255,19.609375,-6.21
1256,19.625,-9.18
1257,19.640625,-12.28
1258,19.65625,-15.71
1259,19.671875,-19.59
1260,19.6875,-23.83
1261,19.703125,-27.95
1262,19.71875,-31.04
1263,19.734375,-32.01
1264,19.75,-29.98
1265,19.765625,-24.69
1266,19.78125,-16.7
1267,19.796875,-7.33
1268,19.8125,1.81
1269,19.828125,9.38
1270,19.84375,14.73
1271,19.859375,17.99
1272,19.875,19.88
1273,19.890625,21.2
1274,19.90625,22.48
1275,19.921875,23.76
1276,19.9375,24.68
1277,19.953125,24.83
1278,19.96875,24.04
1279,19.984375,22.5
1280,20.0,20.74
1281,20.015625,19.28
1282,20.03125,18.39
1283,20.046875,17.92
1284,20.0625,17.48
1285,20.078125,16.56
1286,20.09375,14.87
1287,20.109375,12.48
1288,20.125,9.65
1289,20.140625,6.8
1290,20.15625,4.11
1291,20.171875,1.49
1292,20.1875,-1.31
1293,20.203125,-4.58
1294,20.21875,-8.48
1295,20.234375,-12.97
1296,20.25,-17.93
1297,20.265625,-23.21
1298,20.28125,-28.62
1299,20.296875,-33.81
1300,20.3125,-38.06
1301,20.328125,-40.27
1302,20.34375,-39.33
1303,20.359375,-34.61
1304,20.375,-26.4
1305,20.390625,-16.01
1306,20.40625,-5.33
1307,20.421875,3.74
1308,20.4375,10.16
1309,20.453125,13.84
1310,20.46875,15.65
1311,20.484375,16.75
1312,20.5,18.05
1313,20.515625,19.86
1314,20.53125,21.97
1315,20.546875,23.88
1316,20.5625,25.18
1317,20.578125,25.72
1318,20.59375,25.53
1319,20.609375,24.7
1320,20.625,23.29
1321,20.640625,21.3
1322,20.65625,18.84
1323,20.671875,16.05
1324,20.6875,13.18
1325,20.703125,10.43
1326,20.71875,7.88
1327,20.734375,5.51
1328,20.75,3.29
1329,20.765625,1.21
1330,20.78125,-0.7
1331,20.796875,-2.49
1332,20.8125,-4.42
1333,20.828125,-6.86
1334,20.84375,-10.19
1335,20.859375,-14.58
1336,20.875,-19.87
1337,20.890625,-25.66
1338,20.90625,-31.37
1339,20.921875,-36.36
1340,20.9375,-39.9
1341,20.953125,-41.14
1342,20.96875,-39.29
1343,20.984375,-33.91
1344,21.0,-25.22
1345,21.015625,-14.24
1346,21.03125,-2.64
1347,21.046875,7.85
1348,21.0625,15.85
1349,21.078125,20.88
1350,21.09375,23.35
1351,21.109375,24.29
1352,21.125,24.82
1353,21.140625,25.7
1354,21.15625,27.13
1355,21.171875,28.74
1356,21.1875,29.96
1357,21.203125,30.28
1358,21.21875,29.54
1359,21.234375,27.99
1360,21.25,26.07
1361,21.265625,24.25
1362,21.28125,22.76
1363,21.296875,21.64
1364,21.3125,20.77
1365,21.328125,20.01
1366,21.34375,19.2
1367,21.359375,18.16
1368,21.375,16.61
1369,21.390625,14.18
1370,21.40625,10.62
1371,21.421875,5.97
1372,21.4375,0.65
1373,21.453125,-4.61
1374,21.46875,-9.09
1375,21.484375,-12.39
1376,21.5,-14.65
1377,21.515625,-16.54
1378,21.53125,-19.02
1379,21.546875,-22.79
1380,21.5625,-27.93
1381,21.578125,-33.68
1382,21.59375,-38.55
1383,21.609375,-40.87
1384,21.625,-39.35
1385,21.640625,-33.66
1386,21.65625,-24.63
1387,21.671875,-13.92
1388,21.6875,-3.45
1389,21.703125,5.15
1390,21.71875,11.04
1391,21.734375,14.28
1392,21.75,15.55
1393,21.765625,15.78
1394,21.78125,15.81
1395,21.796875,16.08
1396,21.8125,16.71
1397,21.828125,17.56
1398,21.84375,18.34
1399,21.859375,18.72
1400,21.875,18.55
1401,21.890625,17.8
1402,21.90625,16.66
1403,21.921875,15.37
1404,21.9375,14.19
1405,21.953125,13.24
1406,21.96875,12.53
1407,21.984375,11.94
1408,22.0,11.27
1409,22.015625,10.28
1410,22.03125,8.84
1411,22.046875,6.9
1412,22.0625,4.59
1413,22.078125,2.13
1414,22.09375,-0.28
1415,22.109375,-2.49
1416,22.125,-4.57
1417,22.140625,-6.69
1418,22.15625,-9.14
1419,22.171875,-12.19
1420,22.1875,-15.93
1421,22.203125,-20.13
1422,22.21875,-24.15
1423,22.234375,-27.04
1424,22.25,-27.69
1425,22.265625,-25.26
1426,22.28125,-19.54
1427,22.296875,-11.16
1428,22.3125,-1.51
1429,22.328125,7.73
1430,22.34375,15.13
1431,22.359375,19.93
1432,22.375,22.21
1433,22.390625,22.68
1434,22.40625,22.37
1435,22.421875,22.09
1436,22.4375,22.28
1437,22.453125,22.88
1438,22.46875,23.49
1439,22.484375,23.64
1440,22.5,22.99
1441,22.515625,21.5
1442,22.53125,19.45
1443,22.546875,17.28
1444,22.5625,15.33
1445,22.578125,13.73
1446,22.59375,12.43
1447,22.609375,11.13
1448,22.625,9.58
1449,22.640625,7.66
1450,22.65625,5.37
1451,22.671875,2.81
1452,22.6875,0.13
1453,22.703125,-2.56
1454,22.71875,-5.17
1455,22.734375,-7.63
1456,22.75,-9.94
1457,22.765625,-12.13
1458,22.78125,-14.4
1459,22.796875,-17.05
1460,22.8125,-20.42
1461,22.828125,-24.64
1462,22.84375,-29.38
1463,22.859375,-33.72
1464,22.875,-36.38
1465,22.890625,-36.09
1466,22.90625,-32.17
1467,22.921875,-24.89
1468,22.9375,-15.46
1469,22.953125,-5.61
1470,22.96875,3.05
1471,22.984375,9.49
1472,23.0,13.53
1473,23.015625,15.64
1474,23.03125,16.52
1475,23.046875,16.83
1476,23.0625,16.97
1477,23.078125,17.09
1478,23.09375,17.23
1479,23.109375,17.4
1480,23.125,17.6
1481,23.140625,17.71
1482,23.15625,17.58
1483,23.171875,16.95
1484,23.1875,15.68
1485,23.203125,13.73
1486,23.21875,11.3
1487,23.234375,8.72
1488,23.25,6.32
1489,23.265625,4.28
1490,23.28125,2.49
1491,23.296875,0.61
1492,23.3125,-1.8
1493,23.328125,-5.06
1494,23.34375,-9.22
1495,23.359375,-13.94
1496,23.375,-18.75
1497,23.390625,-23.22
1498,23.40625,-27.22
1499,23.421875,-31.0
1500,23.4375,-35.07
1501,23.453125,-39.95
1502,23.46875,-45.92
1503,23.484375,-52.85
1504,23.5,-60.06
1505,23.515625,-66.45
1506,23.53125,-70.63
1507,23.546875,-71.23
1508,23.5625,-67.37
1509,23.578125,-58.94
1510,23.59375,-46.88
1511,23.609375,-32.9
1512,23.625,-19.13
1513,23.640625,-7.34
1514,23.65625,1.52
1515,23.671875,7.56
1516,23.6875,11.76
1517,23.703125,15.36
1518,23.71875,19.39
1519,23.734375,24.21
1520,23.75,29.49
1521,23.765625,34.47
1522,23.78125,38.29
1523,23.796875,40.42
1524,23.8125,40.8
1525,23.828125,39.76
1526,23.84375,37.87
1527,23.859375,35.63
1528,23.875,33.28
1529,23.890625,30.79
1530,23.90625,27.98
1531,23.921875,24.66
1532,23.9375,20.9
1533,23.953125,16.91
1534,23.96875,13.06
1535,23.984375,9.61
1536,24.0,6.63
1537,24.015625,3.94
1538,24.03125,1.2
1539,24.046875,-1.93
1540,24.0625,-5.76
1541,24.078125,-10.34
1542,24.09375,-15.53
1543,24.109375,-20.86
1544,24.125,-25.61
1545,24.140625,-28.75
1546,24.15625,-29.29
1547,24.171875,-26.56
1548,24.1875,-20.52
1549,24.203125,-12.0
1550,24.21875,-2.46
1551,24.234375,6.4
1552,24.25,13.24
1553,24.265625,17.42
1554,24.28125,19.17
1555,24.296875,19.3
1556,24.3125,18.82
1557,24.328125,18.47
1558,24.34375,18.53
1559,24.359375,18.92
1560,24.375,19.33
1561,24.390625,19.48
1562,24.40625,19.25
1563,24.421875,18.73
1564,24.4375,18.1
1565,24.453125,17.5
1566,24.46875,16.89
1567,24.484375,16.04
1568,24.5,14.62
1569,24.515625,12.4
1570,24.53125,9.38
1571,24.546875,5.88
1572,24.5625,2.35
1573,24.578125,-0.81
1574,24.59375,-3.47
1575,24.609375,-5.82
1576,24.625,-8.3
1577,24.640625,-11.36
1578,24.65625,-15.34
1579,24.671875,-20.31
1580,24.6875,-26.0
1581,24.703125,-31.82
1582,24.71875,-36.89
1583,24.734375,-40.15
1584,24.75,-40.63
1585,24.765625,-37.75
1586,24.78125,-31.6
1587,24.796875,-23.04
1588,24.8125,-13.47
1589,24.828125,-4.41
1590,24.84375,2.98
1591,24.859375,8.23
1592,24.875,11.59
1593,24.890625,13.8
1594,24.90625,15.63
1595,24.921875,17.65
1596,24.9375,20.06
1597,24.953125,22.66
1598,24.96875,25.09
1599,24.984375,26.9
1600,25.0,27.74
1601,25.015625,27.48
1602,25.03125,26.22
1603,25.046875,24.25
1604,25.0625,21.99
1605,25.078125,19.85
1606,25.09375,18.05
1607,25.109375,16.61
1608,25.125,15.36
1609,25.140625,14.0
1610,25.15625,12.32
1611,25.171875,10.18
1612,25.1875,7.65
1613,25.203125,4.84
1614,25.21875,1.92
1615,25.234375,-1.04
1616,25.25,-4.04
1617,25.265625,-7.2
1618,25.28125,-10.71
1619,25.296875,-14.75
1620,25.3125,-19.48
1621,25.328125,-24.88
1622,25.34375,-30.56
1623,25.359375,-35.7
1624,25.375,-39.09
1625,25.390625,-39.51
1626,25.40625,-36.18
1627,25.421875,-29.2
1628,25.4375,-19.59
1629,25.453125,-9.07
1630,25.46875,0.57
1631,25.484375,8.11
1632,25.5,13.19
1633,25.515625,16.27
1634,25.53125,18.21
1635,25.546875,19.77
1636,25.5625,21.34
1637,25.578125,22.88
1638,25.59375,24.1
1639,25.609375,24.78
1640,25.625,24.88
1641,25.640625,24.57
1642,25.65625,24.12
1643,25.671875,23.74
1644,25.6875,23.47
1645,25.703125,23.21
1646,25.71875,22.82
1647,25.734375,22.21
1648,25.75,21.37
1649,25.765625,20.38
1650,25.78125,19.27
1651,25.796875,17.92
1652,25.8125,16.14
1653,25.828125,13.73
1654,25.84375,10.69
1655,25.859375,7.27
1656,25.875,3.96
1657,25.890625,1.24
1658,25.90625,-0.58
1659,25.921875,-1.5
1660,25.9375,-1.87
1661,25.953125,-2.18
1662,25.96875,-2.99
1663,25.984375,-4.69
1664,26.0,-7.41
1665,26.015625,-10.83
1666,26.03125,-14.07
1667,26.046875,-15.89
1668,26.0625,-15.04
1669,26.078125,-10.68
1670,26.09375,-2.79
1671,26.109375,7.72
1672,26.125,19.28
1673,26.140625,30.21
1674,26.15625,39.23
1675,26.171875,45.7
1676,26.1875,49.52
1677,26.203125,50.87
1678,26.21875,49.85
1679,26.234375,46.49
1680,26.25,40.8
1681,26.265625,33.01
1682,26.28125,23.74
1683,26.296875,13.96
1684,26.3125,4.76
1685,26.328125,-2.88
1686,26.34375,-8.42
1687,26.359375,-11.89
1688,26.375,-13.85
1689,26.390625,-15.13
1690,26.40625,-16.56
1691,26.421875,-18.64
1692,26.4375,-21.42
1693,26.453125,-24.61
1694,26.46875,-27.79
1695,26.484375,-30.69
1696,26.5,-33.34
1697,26.515625,-36.02
1698,26.53125,-39.09
1699,26.546875,-42.78
1700,26.5625,-47.11
1701,26.578125,-51.93
1702,26.59375,-56.95
1703,26.609375,-61.77
1704,26.625,-65.71
1705,26.640625,-67.83
1706,26.65625,-67.08
1707,26.671875,-62.69
1708,26.6875,-54.57
1709,26.703125,-43.54
1710,26.71875,-31.2
1711,26.734375,-19.35
1712,26.75,-9.41
1713,26.765625,-1.91
1714,26.78125,3.52
1715,26.796875,7.77
1716,26.8125,11.74
1717,26.828125,15.89
1718,26.84375,20.13
1719,26.859375,23.99
1720,26.875,26.97
1721,26.890625,28.83
1722,26.90625,29.69
1723,26.921875,30.01
1724,26.9375,30.29
1725,26.953125,30.89
1726,26.96875,31.81
1727,26.984375,32.77
1728,27.0,33.29
1729,27.015625,32.97
1730,27.03125,31.66
1731,27.046875,29.47
1732,27.0625,26.77
1733,27.078125,23.92
1734,27.09375,21.17
1735,27.109375,18.56
1736,27.125,15.9
1737,27.140625,12.99
1738,27.15625,9.59
1739,27.171875,5.6
1740,27.1875,0.98
1741,27.203125,-4.2
1742,27.21875,-9.67
1743,27.234375,-14.89
1744,27.25,-18.99
1745,27.265625,-21.01
1746,27.28125,-20.14
1747,27.296875,-16.15
1748,27.3125,-9.57
1749,27.328125,-1.58
1750,27.34375,6.28
1751,27.359375,12.71
1752,27.375,17.03
1753,27.390625,19.33
1754,27.40625,20.22
1755,27.421875,20.58
1756,27.4375,21.03
1757,27.453125,21.84
1758,27.46875,22.89
1759,27.484375,23.84
1760,27.5,24.36
1761,27.515625,24.28
1762,27.53125,23.69
1763,27.546875,22.77
1764,27.5625,21.84
1765,27.578125,21.04
1766,27.59375,20.41
1767,27.609375,19.86
1768,27.625,19.17
1769,27.640625,18.13
1770,27.65625,16.51
1771,27.671875,14.21
1772,27.6875,11.13
1773,27.703125,7.34
1774,27.71875,2.95
1775,27.734375,-1.91
1776,27.75,-7.07
1777,27.765625,-12.38
1778,27.78125,-17.8
1779,27.796875,-23.37
1780,27.8125,-29.15
1781,27.828125,-35.06
1782,27.84375,-40.66
1783,27.859375,-45.12
1784,27.875,-47.34
1785,27.890625,-46.24
1786,27.90625,-41.41
1787,27.921875,-33.23
1788,27.9375,-23.01
1789,27.953125,-12.51
1790,27.96875,-3.4
1791,27.984375,3.28
1792,28.0,7.31
1793,28.015625,9.18
1794,28.03125,9.72
1795,28.046875,9.73
1796,28.0625,9.75
1797,28.078125,10.03
1798,28.09375,10.53
1799,28.109375,11.18
1800,28.125,11.87
1801,28.140625,12.59
1802,28.15625,13.35
1803,28.171875,14.14
1804,28.1875,14.86
1805,28.203125,15.3
1806,28.21875,15.16
1807,28.234375,14.2
1808,28.25,12.3
1809,28.265625,9.63
1810,28.28125,6.53
1811,28.296875,3.41
1812,28.3125,0.59
1813,28.328125,-1.78
1814,28.34375,-3.72
1815,28.359375,-5.38
1816,28.375,-6.93
1817,28.390625,-8.51
1818,28.40625,-10.27
1819,28.421875,-12.35
1820,28.4375,-14.91
1821,28.453125,-18.01
1822,28.46875,-21.46
1823,28.484375,-24.71
1824,28.5,-26.91
1825,28.515625,-27.14
1826,28.53125,-24.78
1827,28.546875,-19.81
1828,28.5625,-12.92
1829,28.578125,-5.3
1830,28.59375,1.72
1831,28.609375,7.11
1832,28.625,10.41
1833,28.640625,11.78
1834,28.65625,11.85
1835,28.671875,11.4
1836,28.6875,11.11
1837,28.703125,11.33
1838,28.71875,12.08
1839,28.734375,13.15
1840,28.75,14.24
1841,28.765625,15.12
1842,28.78125,15.68
1843,28.796875,15.98
1844,28.8125,16.11
1845,28.828125,16.13
1846,28.84375,15.98
1847,28.859375,15.48
1848,28.875,14.47
1849,28.890625,12.8
1850,28.90625,10.51
1851,28.921875,7.78
1852,28.9375,4.89
1853,28.953125,2.1
1854,28.96875,-0.49
1855,28.984375,-2.93
1856,29.0,-5.42
1857,29.015625,-8.18
1858,29.03125,-11.32
1859,29.046875,-14.89
1860,29.0625,-18.86
1861,29.078125,-23.07
1862,29.09375,-27.25
1863,29.109375,-30.88
1864,29.125,-33.18
1865,29.140625,-33.29
1866,29.15625,-30.57
1867,29.171875,-24.93
1868,29.1875,-17.01
1869,29.203125,-8.08
1870,29.21875,0.4
1871,29.234375,7.24
1872,29.25,11.89
1873,29.265625,14.53
1874,29.28125,15.82
1875,29.296875,16.53
1876,29.3125,17.16
1877,29.328125,17.85
1878,29.34375,18.45
1879,29.359375,18.73
1880,29.375,18.61
1881,29.390625,18.22
1882,29.40625,17.85
1883,29.421875,17.7
1884,29.4375,17.73
1885,29.453125,17.65
1886,29.46875,17.01
1887,29.484375,15.43
1888,29.5,12.82
1889,29.515625,9.5
1890,29.53125,6.06
1891,29.546875,3.16
1892,29.5625,1.24
1893,29.578125,0.45
1894,29.59375,0.54
1895,29.609375,1.06
1896,29.625,1.49
1897,29.640625,1.33
1898,29.65625,0.13
1899,29.671875,-2.41
1900,29.6875,-6.32
1901,29.703125,-11.27
1902,29.71875,-16.46
1903,29.734375,-20.8
1904,29.75,-23.21
1905,29.765625,-23.04
1906,29.78125,-20.35
1907,29.796875,-15.83
1908,29.8125,-10.49
1909,29.828125,-5.21
1910,29.84375,-0.51
1911,29.859375,3.57
1912,29.875,7.16
1913,29.890625,10.27
1914,29.90625,12.64
1915,29.921875,13.86
1916,29.9375,13.64
1917,29.953125,12.01
1918,29.96875,9.42
1919,29.984375,6.51
1920,30.0,3.83
1921,30.015625,1.67
1922,30.03125,-0.07
1923,30.046875,-1.68
1924,30.0625,-3.45
1925,30.078125,-5.45
1926,30.09375,-7.49
1927,30.109375,-9.25
1928,30.125,-10.45
1929,30.140625,-11.04
1930,30.15625,-11.23
1931,30.171875,-11.58
1932,30.1875,-12.68
1933,30.203125,-15.09
1934,30.21875,-19.13
1935,30.234375,-24.67
1936,30.25,-31.12
1937,30.265625,-37.47
1938,30.28125,-42.5
1939,30.296875,-45.02
1940,30.3125,-44.27
1941,30.328125,-40.11
1942,30.34375,-33.14
1943,30.359375,-24.5
1944,30.375,-15.48
1945,30.390625,-7.14
1946,30.40625,-0.05
1947,30.421875,5.72
1948,30.4375,10.45
1949,30.453125,14.42
1950,30.46875,17.77
1951,30.484375,20.42
1952,30.5,22.18
1953,30.515625,22.91
1954,30.53125,22.7
1955,30.546875,21.88
1956,30.5625,20.81
1957,30.578125,19.82
1958,30.59375,18.99
1959,30.609375,18.16
1960,30.625,17.09
1961,30.640625,15.63
1962,30.65625,13.86
1963,30.671875,12.1
1964,30.6875,10.75
1965,30.703125,10.06
1966,30.71875,9.97
1967,30.734375,10.13
1968,30.75,9.91
1969,30.765625,8.64
1970,30.78125,5.76
1971,30.796875,1.05
1972,30.8125,-5.29
1973,30.828125,-12.48
1974,30.84375,-19.37
1975,30.859375,-24.6
1976,30.875,-27.11
1977,30.890625,-26.48
1978,30.90625,-23.09
1979,30.921875,-17.94
1980,30.9375,-12.25
1981,30.953125,-6.94
1982,30.96875,-2.36
1983,30.984375,1.7
1984,31.0,5.69
1985,31.015625,9.96
1986,31.03125,14.55
1987,31.046875,19.1
1988,31.0625,23.07
1989,31.078125,25.92
1990,31.09375,27.44
1991,31.109375,27.69
1992,31.125,27.02
1993,31.140625,25.88
1994,31.15625,24.58
1995,31.171875,23.24
1996,31.1875,21.78
1997,31.203125,20.02
1998,31.21875,17.83
1999,31.234375,15.26
2000,31.25,12.53
2001,31.265625,9.92
2002,31.28125,7.64
2003,31.296875,5.73
2004,31.3125,4.12
2005,31.328125,2.59
2006,31.34375,0.87
2007,31.359375,-1.35
2008,31.375,-4.35
2009,31.390625,-8.3
2010,31.40625,-13.19
2011,31.421875,-18.6
2012,31.4375,-23.75
2013,31.453125,-27.63
2014,31.46875,-29.25
2015,31.484375,-28.06
2016,31.5,-24.14
2017,31.515625,-18.21
2018,31.53125,-11.37
2019,31.546875,-4.78
2020,31.5625,0.79
2021,31.578125,5.12
2022,31.59375,8.55
2023,31.609375,11.66
2024,31.625,14.87
2025,31.640625,18.17
2026,31.65625,20.99
2027,31.671875,22.55
2028,31.6875,22.23
2029,31.703125,20.06
2030,31.71875,16.74
2031,31.734375,13.44
2032,31.75,11.24
2033,31.765625,10.7
2034,31.78125,11.61
2035,31.796875,13.29
2036,31.8125,14.89
2037,31.828125,15.86
2038,31.84375,16.06
2039,31.859375,15.7
2040,31.875,15.01
2041,31.890625,14.09
2042,31.90625,12.85
2043,31.921875,11.13
2044,31.9375,8.86
2045,31.953125,6.18
2046,31.96875,3.36
2047,31.984375,0.73
2048,32.0,-1.53
2049,32.015625,-3.5
2050,32.03125,-5.54
2051,32.046875,-8.04
2052,32.0625,-11.09
2053,32.078125,-14.29
2054,32.09375,-16.73
2055,32.109375,-17.31
2056,32.125,-15.29
2057,32.140625,-10.65
2058,32.15625,-4.25
2059,32.171875,2.59
2060,32.1875,8.67
2061,32.203125,13.36
2062,32.21875,16.85
2063,32.234375,19.72
2064,32.25,22.28
2065,32.265625,24.25
2066,32.28125,24.77
2067,32.296875,23.03
2068,32.3125,18.88
2069,32.328125,13.19
2070,32.34375,7.57
2071,32.359375,3.59
2072,32.375,2.08
2073,32.390625,2.78
2074,32.40625,4.73
2075,32.421875,6.84
2076,32.4375,8.58
2077,32.453125,10.03
2078,32.46875,11.58
2079,32.484375,13.44
2080,32.5,15.24
2081,32.515625,16.23
2082,32.53125,15.58
2083,32.546875,12.89
2084,32.5625,8.4
2085,32.578125,2.87
2086,32.59375,-2.68
2087,32.609375,-7.38
2088,32.625,-10.82
2089,32.640625,-13.09
2090,32.65625,-14.63
2091,32.671875,-16.1
2092,32.6875,-18.05
2093,32.703125,-20.73
2094,32.71875,-23.95
2095,32.734375,-27.09
2096,32.75,-29.27
2097,32.765625,-29.6
2098,32.78125,-27.54
2099,32.796875,-23.1
2100,32.8125,-16.91
2101,32.828125,-10.02
2102,32.84375,-3.54
2103,32.859375,1.74
2104,32.875,5.55
2105,32.890625,8.12
2106,32.90625,10.0
2107,32.921875,11.7
2108,32.9375,13.51
2109,32.953125,15.43
2110,32.96875,17.27
2111,32.984375,18.92
2112,33.0,20.32
2113,33.015625,21.55
2114,33.03125,22.66
2115,33.046875,23.67
2116,33.0625,24.46
2117,33.078125,24.9
2118,33.09375,24.91
2119,33.109375,24.58
2120,33.125,24.15
2121,33.140625,23.82
2122,33.15625,23.72
2123,33.171875,23.76
2124,33.1875,23.65
2125,33.203125,23.06
2126,33.21875,21.71
2127,33.234375,19.49
2128,33.25,16.47
2129,33.265625,12.92
2130,33.28125,9.25
2131,33.296875,5.87
2132,33.3125,3.06
2133,33.328125,0.87
2134,33.34375,-0.96
2135,33.359375,-2.91
2136,33.375,-5.49
2137,33.390625,-8.96
2138,33.40625,-13.18
2139,33.421875,-17.48
2140,33.4375,-20.83
2141,33.453125,-22.15
2142,33.46875,-20.74
2143,33.484375,-16.54
2144,33.5,-10.26
2145,33.515625,-3.1
2146,33.53125,3.63
2147,33.546875,8.95
2148,33.5625,12.45
2149,33.578125,14.31
2150,33.59375,15.02
2151,33.609375,15.02
2152,33.625,14.53
2153,33.640625,13.57
2154,33.65625,12.12
2155,33.671875,10.25
2156,33.6875,8.21
2157,33.703125,6.34
2158,33.71875,4.91
2159,33.734375,4.05
2160,33.75,3.71
2161,33.765625,3.8
2162,33.78125,4.19
2163,33.796875,4.77
2164,33.8125,5.4
2165,33.828125,5.89
2166,33.84375,6.05
2167,33.859375,5.75
2168,33.875,4.93
2169,33.890625,3.62
2170,33.90625,1.87
2171,33.921875,-0.22
2172,33.9375,-2.57
2173,33.953125,-5.04
2174,33.96875,-7.5
2175,33.984375,-9.77
2176,34.0,-11.74
2177,34.015625,-13.45
2178,34.03125,-15.12
2179,34.046875,-17.03
2180,34.0625,-19.35
2181,34.078125,-21.85
2182,34.09375,-23.91
2183,34.109375,-24.61
2184,34.125,-23.07
2185,34.140625,-18.92
2186,34.15625,-12.49
2187,34.171875,-4.81
2188,34.1875,2.75
2189,34.203125,8.98
2190,34.21875,13.23
2191,34.234375,15.54
2192,34.25,16.48
2193,34.265625,16.78
2194,34.28125,17.02
2195,34.296875,17.45
2196,34.3125,17.95
2197,34.328125,18.21
2198,34.34375,17.95
2199,34.359375,17.07
2200,34.375,15.74
2201,34.390625,14.27
2202,34.40625,13.01
2203,34.421875,12.19
2204,34.4375,11.77
2205,34.453125,11.51
2206,34.46875,11.1
2207,34.484375,10.22
2208,34.5,8.73
2209,34.515625,6.63
2210,34.53125,3.97
2211,34.546875,0.91
2212,34.5625,-2.41
2213,34.578125,-5.81
2214,34.59375,-9.06
2215,34.609375,-12.03
2216,34.625,-14.67
2217,34.640625,-17.15
2218,34.65625,-19.75
2219,34.671875,-22.76
2220,34.6875,-26.24
2221,34.703125,-29.93
2222,34.71875,-33.2
2223,34.734375,-35.26
2224,34.75,-35.37
2225,34.765625,-33.16
2226,34.78125,-28.74
2227,34.796875,-22.74
2228,34.8125,-16.14
2229,34.828125,-9.94
2230,34.84375,-4.97
2231,34.859375,-1.57
2232,34.875,0.39
2233,34.890625,1.44
2234,34.90625,2.18
2235,34.921875,3.18
2236,34.9375,4.66
2237,34.953125,6.56
2238,34.96875,8.59
2239,34.984375,10.35
2240,35.0,11.58
2241,35.015625,12.16
2242,35.03125,12.14
2243,35.046875,11.64
2244,35.0625,10.82
2245,35.078125,9.8
2246,35.09375,8.7
2247,35.109375,7.65
2248,35.125,6.72
2249,35.140625,5.92
2250,35.15625,5.16
2251,35.171875,4.25
2252,35.1875,2.98
2253,35.203125,1.25
2254,35.21875,-0.89
2255,35.234375,-3.17
2256,35.25,-5.27
2257,35.265625,-6.93
2258,35.28125,-8.06
2259,35.296875,-8.81
2260,35.3125,-9.51
2261,35.328125,-10.54
2262,35.34375,-12.23
2263,35.359375,-14.71
2264,35.375,-17.84
2265,35.390625,-21.13
2266,35.40625,-23.9
2267,35.421875,-25.34
2268,35.4375,-24.82
2269,35.453125,-22.14
2270,35.46875,-17.61
2271,35.484375,-12.08
2272,35.5,-6.62
2273,35.515625,-2.13
2274,35.53125,0.96
2275,35.546875,2.74
2276,35.5625,3.75
2277,35.578125,4.64
2278,35.59375,5.85
2279,35.609375,7.46
2280,35.625,9.24
2281,35.640625,10.81
2282,35.65625,11.91
2283,35.671875,12.45
2284,35.6875,12.6
2285,35.703125,12.61
2286,35.71875,12.67
2287,35.734375,12.86
2288,35.75,13.12
2289,35.765625,13.26
2290,35.78125,13.14
2291,35.796875,12.71
2292,35.8125,12.03
2293,35.828125,11.27
2294,35.84375,10.51
2295,35.859375,9.72
2296,35.875,8.68
2297,35.890625,7.08
2298,35.90625,4.74
2299,35.921875,1.71
2300,35.9375,-1.55
2301,35.953125,-4.38
2302,35.96875,-6.13
2303,35.984375,-6.51
2304,36.0,-5.78
2305,36.015625,-4.73
2306,36.03125,-4.39
2307,36.046875,-5.55
2308,36.0625,-8.39
2309,36.078125,-12.25
2310,36.09375,-15.77
2311,36.109375,-17.38
2312,36.125,-15.8
2313,36.140625,-10.63
2314,36.15625,-2.51
2315,36.171875,7.03
2316,36.1875,16.16
2317,36.203125,23.39
2318,36.21875,28.09
2319,36.234375,30.7
2320,36.25,32.47
2321,36.265625,34.81
2322,36.28125,38.7
2323,36.296875,44.18
2324,36.3125,50.4
2325,36.328125,56.04
2326,36.34375,59.92
2327,36.359375,61.6
2328,36.375,61.51
2329,36.390625,60.8
2330,36.40625,60.98
2331,36.421875,63.42
2332,36.4375,68.98
2333,36.453125,77.52
2334,36.46875,87.56
2335,36.484375,96.16
2336,36.5,99.38
2337,36.515625,93.34
2338,36.53125,75.67
2339,36.546875,46.69
2340,36.5625,9.68
2341,36.578125,-30.17
2342,36.59375,-67.62
2343,36.609375,-99.05
2344,36.625,-123.19
2345,36.640625,-140.63
2346,36.65625,-152.6
2347,36.671875,-159.84
2348,36.6875,-162.44
2349,36.703125,-160.36
2350,36.71875,-154.33
2351,36.734375,-146.19
2352,36.75,-138.5
2353,36.765625,-133.5
2354,36.78125,-132.28
2355,36.796875,-134.25
2356,36.8125,-137.2
2357,36.828125,-137.71
2358,36.84375,-131.81
2359,36.859375,-115.82
2360,36.875,-87.51
2361,36.890625,-47.18
2362,36.90625,1.94
2363,36.921875,54.21
2364,36.9375,103.19
2365,36.953125,143.78
2366,36.96875,173.57
2367,36.984375,193.0
2368,37.0,204.27
2369,37.015625,209.55
2370,37.03125,209.88
2371,37.046875,205.0
2372,37.0625,194.31
2373,37.078125,178.08
2374,37.09375,158.08
2375,37.109375,137.25
2376,37.125,118.66
2377,37.140625,104.36
2378,37.15625,94.72
2379,37.171875,88.46
2380,37.1875,83.21
2381,37.203125,76.49
2382,37.21875,66.52
2383,37.234375,52.99
2384,37.25,37.16
2385,37.265625,21.35
2386,37.28125,8.08
2387,37.296875,-1.19
2388,37.3125,-6.67
2389,37.328125,-10.21
2390,37.34375,-14.4
2391,37.359375,-21.33
2392,37.375,-31.66
2393,37.390625,-44.42
2394,37.40625,-57.57
2395,37.421875,-68.92
2396,37.4375,-76.96
2397,37.453125,-81.07
2398,37.46875,-81.29
2399,37.484375,-78.0
2400,37.5,-71.58
2401,37.515625,-62.54
2402,37.53125,-51.62
2403,37.546875,-39.91
2404,37.5625,-28.67
2405,37.578125,-19.18
2406,37.59375,-12.37
2407,37.609375,-8.68
2408,37.625,-7.92
2409,37.640625,-9.36
2410,37.65625,-11.99
2411,37.671875,-14.79
2412,37.6875,-17.11
2413,37.703125,-18.84
2414,37.71875,-20.42
2415,37.734375,-22.57
2416,37.75,-25.98
2417,37.765625,-30.96
2418,37.78125,-37.31
2419,37.796875,-44.34
2420,37.8125,-51.11
2421,37.828125,-56.77
2422,37.84375,-60.85
2423,37.859375,-63.32
2424,37.875,-64.62
2425,37.890625,-65.33
2426,37.90625,-65.96
2427,37.921875,-66.71
2428,37.9375,-67.46
2429,37.953125,-67.93
2430,37.96875,-67.92
2431,37.984375,-67.47
2432,38.0,-66.91
2433,38.015625,-66.8
2434,38.03125,-67.63
2435,38.046875,-69.68
2436,38.0625,-72.94
2437,38.078125,-77.01
2438,38.09375,-81.2
2439,38.109375,-84.6
2440,38.125,-86.25
2441,38.140625,-85.34
2442,38.15625,-81.52
2443,38.171875,-74.93
2444,38.1875,-66.27
2445,38.203125,-56.57
2446,38.21875,-46.94
2447,38.234375,-38.31
2448,38.25,-31.25
2449,38.265625,-25.93
2450,38.28125,-22.16
2451,38.296875,-19.61
2452,38.3125,-17.83
2453,38.328125,-16.45
2454,38.34375,-15.21
2455,38.359375,-13.91
2456,38.375,-12.46
2457,38.390625,-10.83
2458,38.40625,-9.03
2459,38.421875,-7.16
2460,38.4375,-5.5
2461,38.453125,-4.35
2462,38.46875,-4.02
2463,38.484375,-4.59
2464,38.5,-5.8
2465,38.515625,-7.05
2466,38.53125,-7.64
2467,38.546875,-7.02
2468,38.5625,-5.05
2469,38.578125,-2.0
2470,38.59375,1.57
2471,38.609375,5.04
2472,38.625,8.0
2473,38.640625,10.31
2474,38.65625,12.05
2475,38.671875,13.38
2476,38.6875,14.41
2477,38.703125,15.1
2478,38.71875,15.32
2479,38.734375,14.83
2480,38.75,13.46
2481,38.765625,11.09
2482,38.78125,7.87
2483,38.796875,4.11
2484,38.8125,0.42
2485,38.828125,-2.49
2486,38.84375,-3.89
2487,38.859375,-3.27
2488,38.875,-0.54
2489,38.890625,3.92
2490,38.90625,9.35
2491,38.921875,14.92
2492,38.9375,19.86
2493,38.953125,23.76
2494,38.96875,26.53
2495,38.984375,28.31
2496,39.0,29.31
2497,39.015625,29.62
2498,39.03125,29.25
2499,39.046875,28.08
2500,39.0625,26.13
2501,39.078125,23.5
2502,39.09375,20.54
2503,39.109375,17.66
2504,39.125,15.24
2505,39.140625,13.46
2506,39.15625,12.25
2507,39.171875,11.37
2508,39.1875,10.5
2509,39.203125,9.39
2510,39.21875,7.94
2511,39.234375,6.2
2512,39.25,4.2
2513,39.265625,1.93
2514,39.28125,-0.66
2515,39.296875,-3.62
2516,39.3125,-6.89
2517,39.328125,-10.28
2518,39.34375,-13.57
2519,39.359375,-16.59
2520,39.375,-19.43
2521,39.390625,-22.41
2522,39.40625,-25.98
2523,39.421875,-30.31
2524,39.4375,-35.14
2525,39.453125,-39.65
2526,39.46875,-42.69
2527,39.484375,-43.25
2528,39.5,-40.83
2529,39.515625,-35.77
2530,39.53125,-29.04
2531,39.546875,-21.99
2532,39.5625,-15.74
2533,39.578125,-10.83
2534,39.59375,-7.16
2535,39.609375,-4.14
2536,39.625,-1.07
2537,39.640625,2.57
2538,39.65625,6.91
2539,39.671875,11.64
2540,39.6875,16.29
2541,39.703125,20.32
2542,39.71875,23.42
2543,39.734375,25.51
2544,39.75,26.74
2545,39.765625,27.39
2546,39.78125,27.66
2547,39.796875,27.65
2548,39.8125,27.26
2549,39.828125,26.35
2550,39.84375,24.82
2551,39.859375,22.77
2552,39.875,20.44
2553,39.890625,18.19
2554,39.90625,16.26
2555,39.921875,14.72
2556,39.9375,13.44
2557,39.953125,12.14
2558,39.96875,10.53
2559,39.984375,8.4
2560,40.0,5.65
2561,40.015625,2.22
2562,40.03125,-1.83
2563,40.046875,-6.32
2564,40.0625,-10.87
2565,40.078125,-14.8
2566,40.09375,-17.31
2567,40.109375,-17.66
2568,40.125,-15.55
2569,40.140625,-11.2
2570,40.15625,-5.42
2571,40.171875,0.74
2572,40.1875,6.37
2573,40.203125,10.91
2574,40.21875,14.34
2575,40.234375,17.01
2576,40.25,19.32
2577,40.265625,21.6
2578,40.28125,23.89
2579,40.296875,26.02
2580,40.3125,27.72
2581,40.328125,28.7
2582,40.34375,28.88
2583,40.359375,28.3
2584,40.375,27.23
2585,40.390625,25.96
2586,40.40625,24.77
2587,40.421875,23.79
2588,40.4375,23.0
2589,40.453125,22.24
2590,40.46875,21.32
2591,40.484375,20.07
2592,40.5,18.39
2593,40.515625,16.28
2594,40.53125,13.76
2595,40.546875,10.95
2596,40.5625,8.0
2597,40.578125,5.18
2598,40.59375,2.71
2599,40.609375,0.78
2600,40.625,-0.71
2601,40.640625,-2.14
2602,40.65625,-4.06
2603,40.671875,-7.04
2604,40.6875,-11.36
2605,40.703125,-16.75
2606,40.71875,-22.42
2607,40.734375,-27.16
2608,40.75,-29.71
2609,40.765625,-29.25
2610,40.78125,-25.68
2611,40.796875,-19.69
2612,40.8125,-12.54
2613,40.828125,-5.6
2614,40.84375,0.09
2615,40.859375,4.15
2616,40.875,6.8
2617,40.890625,8.6
2618,40.90625,10.08
2619,40.921875,11.58
2620,40.9375,13.18
2621,40.953125,14.81
2622,40.96875,16.38
2623,40.984375,17.84
2624,41.0,19.09
2625,41.015625,20.0
2626,41.03125,20.42
2627,41.046875,20.18
2628,41.0625,19.3
2629,41.078125,18.01
2630,41.09375,16.63
2631,41.109375,15.45
2632,41.125,14.63
2633,41.140625,14.07
2634,41.15625,13.55
2635,41.171875,12.71
2636,41.1875,11.32
2637,41.203125,9.3
2638,41.21875,6.74
2639,41.234375,3.91
2640,41.25,1.19
2641,41.265625,-1.1
2642,41.28125,-2.8
2643,41.296875,-3.96
2644,41.3125,-4.9
2645,41.328125,-6.07
2646,41.34375,-7.91
2647,41.359375,-10.67
2648,41.375,-14.29
2649,41.390625,-18.3
2650,41.40625,-21.97
2651,41.421875,-24.51
2652,41.4375,-25.25
2653,41.453125,-23.86
2654,41.46875,-20.52
2655,41.484375,-15.75
2656,41.5,-10.29
2657,41.515625,-4.86
2658,41.53125,0.08
2659,41.546875,4.32
2660,41.5625,7.9
2661,41.578125,11.02
2662,41.59375,13.89
2663,41.609375,16.6
2664,41.625,19.15
2665,41.640625,21.4
2666,41.65625,23.1
2667,41.671875,23.99
2668,41.6875,23.95
2669,41.703125,23.03
2670,41.71875,21.48
2671,41.734375,19.64
2672,41.75,17.79
2673,41.765625,16.06
2674,41.78125,14.4
2675,41.796875,12.71
2676,41.8125,10.9
2677,41.828125,8.98
2678,41.84375,7.01
2679,41.859375,5.01
2680,41.875,2.85
2681,41.890625,0.43
2682,41.90625,-2.32
2683,41.921875,-5.26
2684,41.9375,-8.11
2685,41.953125,-10.47
2686,41.96875,-12.15
2687,41.984375,-13.29
2688,42.0,-14.37
2689,42.015625,-16.08
2690,42.03125,-19.0
2691,42.046875,-23.27
2692,42.0625,-28.43
2693,42.078125,-33.47
2694,42.09375,-37.08
2695,42.109375,-38.11
2696,42.125,-35.97
2697,42.140625,-30.88
2698,42.15625,-23.77
2699,42.171875,-16.0
2700,42.1875,-8.76
2701,42.203125,-2.84
2702,42.21875,1.64
2703,42.234375,4.99
2704,42.25,7.7
2705,42.265625,10.1
2706,42.28125,12.3
2707,42.296875,14.18
2708,42.3125,15.56
2709,42.328125,16.44
2710,42.34375,16.88
2711,42.359375,17.07
2712,42.375,17.12
2713,42.390625,17.08
2714,42.40625,16.9
2715,42.421875,16.59
2716,42.4375,16.14
2717,42.453125,15.64
2718,42.46875,15.09
2719,42.484375,14.43
2720,42.5,13.46
2721,42.515625,11.96
2722,42.53125,9.78
2723,42.546875,6.92
2724,42.5625,3.67
2725,42.578125,0.41
2726,42.59375,-2.43
2727,42.609375,-4.53
2728,42.625,-5.85
2729,42.640625,-6.58
2730,42.65625,-7.09
2731,42.671875,-7.8
2732,42.6875,-9.0
2733,42.703125,-10.74
2734,42.71875,-12.84
2735,42.734375,-14.81
2736,42.75,-15.99
2737,42.765625,-15.69
2738,42.78125,-13.41
2739,42.796875,-9.12
2740,42.8125,-3.3
2741,42.828125,3.14
2742,42.84375,9.16
2743,42.859375,13.93
2744,42.875,17.09
2745,42.890625,18.79
2746,42.90625,19.49
2747,42.921875,19.7
2748,42.9375,19.66
2749,42.953125,19.35
2750,42.96875,18.6
2751,42.984375,17.33
2752,43.0,15.69
2753,43.015625,14.05
2754,43.03125,12.79
2755,43.046875,12.18
2756,43.0625,12.21
2757,43.078125,12.62
2758,43.09375,13.05
2759,43.109375,13.14
2760,43.125,12.64
2761,43.140625,11.46
2762,43.15625,9.66
2763,43.171875,7.35
2764,43.1875,4.71
2765,43.203125,1.95
2766,43.21875,-0.72
2767,43.234375,-3.14
2768,43.25,-5.3
2769,43.265625,-7.32
2770,43.28125,-9.37
2771,43.296875,-11.6
2772,43.3125,-14.02
2773,43.328125,-16.43
2774,43.34375,-18.45
2775,43.359375,-19.63
2776,43.375,-19.45
2777,43.390625,-17.58
2778,43.40625,-13.95
2779,43.421875,-8.8
2780,43.4375,-2.67
2781,43.453125,3.75
2782,43.46875,9.77
2783,43.484375,14.9
2784,43.5,18.9
2785,43.515625,21.83
2786,43.53125,23.9
2787,43.546875,25.31
2788,43.5625,26.22
2789,43.578125,26.64
2790,43.59375,26.47
2791,43.609375,25.59
2792,43.625,23.99
2793,43.640625,21.79
2794,43.65625,19.38
2795,43.671875,17.25
2796,43.6875,15.82
2797,43.703125,15.35
2798,43.71875,15.72
2799,43.734375,16.5
2800,43.75,17.09
2801,43.765625,16.99
2802,43.78125,15.99
2803,43.796875,14.24
2804,43.8125,12.16
2805,43.828125,10.16
2806,43.84375,8.54
2807,43.859375,7.24
2808,43.875,5.97
2809,43.890625,4.37
2810,43.90625,2.09
2811,43.921875,-1.08
2812,43.9375,-5.16
2813,43.953125,-9.97
2814,43.96875,-15.12
2815,43.984375,-20.01
2816,44.0,-23.86
2817,44.015625,-25.88
2818,44.03125,-25.52
2819,44.046875,-22.69
2820,44.0625,-17.91
2821,44.078125,-12.11
2822,44.09375,-6.37
2823,44.109375,-1.57
2824,44.125,1.8
2825,44.140625,3.82
2826,44.15625,4.85
2827,44.171875,5.39
2828,44.1875,5.79
2829,44.203125,6.17
2830,44.21875,6.49
2831,44.234375,6.65
2832,44.25,6.64
2833,44.265625,6.55
2834,44.28125,6.57
2835,44.296875,6.86
2836,44.3125,7.43
2837,44.328125,8.12
2838,44.34375,8.61
2839,44.359375,8.52
2840,44.375,7.58
2841,44.390625,5.7
2842,44.40625,3.03
2843,44.421875,-0.05
2844,44.4375,-3.09
2845,44.453125,-5.78
2846,44.46875,-7.97
2847,44.484375,-9.79
2848,44.5,-11.47
2849,44.515625,-13.25
2850,44.53125,-15.29
2851,44.546875,-17.57
2852,44.5625,-20.0
2853,44.578125,-22.34
2854,44.59375,-24.28
2855,44.609375,-25.4
2856,44.625,-25.27
2857,44.640625,-23.55
2858,44.65625,-20.2
2859,44.671875,-15.51
2860,44.6875,-10.07
2861,44.703125,-4.64
2862,44.71875,0.15
2863,44.734375,3.94
2864,44.75,6.69
2865,44.765625,8.54
2866,44.78125,9.7
2867,44.796875,10.33
2868,44.8125,10.45
2869,44.828125,10.07
2870,44.84375,9.25
2871,44.859375,8.2
2872,44.875,7.23
2873,44.890625,6.59
2874,44.90625,6.32
2875,44.921875,6.22
2876,44.9375,5.94
2877,44.953125,5.11
2878,44.96875,3.6
2879,44.984375,1.51
2880,45.0,-0.86
2881,45.015625,-3.15
2882,45.03125,-5.14
2883,45.046875,-6.8
2884,45.0625,-8.29
2885,45.078125,-9.81
2886,45.09375,-11.54
2887,45.109375,-13.6
2888,45.125,-16.0
2889,45.140625,-18.64
2890,45.15625,-21.31
2891,45.171875,-23.6
2892,45.1875,-24.96
2893,45.203125,-24.86
2894,45.21875,-22.98
2895,45.234375,-19.4
2896,45.25,-14.59
2897,45.265625,-9.25
2898,45.28125,-4.15
2899,45.296875,0.15
2900,45.3125,3.46
2901,45.328125,5.88
2902,45.34375,7.7
2903,45.359375,9.21
2904,45.375,10.57
2905,45.390625,11.78
2906,45.40625,12.8
2907,45.421875,13.5
2908,45.4375,13.85
2909,45.453125,13.87
2910,45.46875,13.72
2911,45.484375,13.57
2912,45.5,13.48
2913,45.515625,13.46
2914,45.53125,13.33
2915,45.546875,12.9
2916,45.5625,12.03
2917,45.578125,10.77
2918,45.59375,9.25
2919,45.609375,7.67
2920,45.625,6.18
2921,45.640625,4.76
2922,45.65625,3.3
2923,45.671875,1.59
2924,45.6875,-0.52
2925,45.703125,-3.11
2926,45.71875,-6.16
2927,45.734375,-9.63
2928,45.75,-13.39
2929,45.765625,-17.16
2930,45.78125,-20.57
2931,45.796875,-23.13
2932,45.8125,-24.34
2933,45.828125,-23.9
2934,45.84375,-21.83
2935,45.859375,-18.46
2936,45.875,-14.33
2937,45.890625,-10.05
2938,45.90625,-6.01
2939,45.921875,-2.45
2940,45.9375,0.6
2941,45.953125,3.23
2942,45.96875,5.49
2943,45.984375,7.42
2944,46.0,9.07
2945,46.015625,10.47
2946,46.03125,11.66
2947,46.046875,12.69
2948,46.0625,13.54
2949,46.078125,14.21
2950,46.09375,14.71
2951,46.109375,15.06
2952,46.125,15.29
2953,46.140625,15.4
2954,46.15625,15.35
2955,46.171875,15.08
2956,46.1875,14.49
2957,46.203125,13.54
2958,46.21875,12.2
2959,46.234375,10.51
2960,46.25,8.51
2961,46.265625,6.28
2962,46.28125,3.91
2963,46.296875,1.5
2964,46.3125,-0.83
2965,46.328125,-2.96
2966,46.34375,-4.77
2967,46.359375,-6.2
2968,46.375,-7.31
2969,46.390625,-8.32
2970,46.40625,-9.58
2971,46.421875,-11.43
2972,46.4375,-14.04
2973,46.453125,-17.21
2974,46.46875,-20.28
2975,46.484375,-22.38
2976,46.5,-22.67
2977,46.515625,-20.76
2978,46.53125,-16.84
2979,46.546875,-11.68
2980,46.5625,-6.29
2981,46.578125,-1.52
2982,46.59375,2.17
2983,46.609375,4.88
2984,46.625,6.95
2985,46.640625,8.8
2986,46.65625,10.65
2987,46.671875,12.52
2988,46.6875,14.28
2989,46.703125,15.79
2990,46.71875,17.02
2991,46.734375,17.98
2992,46.75,18.7
2993,46.765625,19.2
2994,46.78125,19.39
2995,46.796875,19.13
2996,46.8125,18.33
2997,46.828125,16.99
2998,46.84375,15.22
2999,46.859375,13.23
3000,46.875,11.19
3001,46.890625,9.28
3002,46.90625,7.51
3003,46.921875,5.84
3004,46.9375,4.17
3005,46.953125,2.47
3006,46.96875,0.75
3007,46.984375,-0.95
3008,47.0,-2.52
3009,47.015625,-3.91
3010,47.03125,-5.13
3011,47.046875,-6.24
3012,47.0625,-7.38
3013,47.078125,-8.74
3014,47.09375,-10.57
3015,47.109375,-13.01
3016,47.125,-16.02
3017,47.140625,-19.22
3018,47.15625,-21.93
3019,47.171875,-23.34
3020,47.1875,-22.81
3021,47.203125,-20.18
3022,47.21875,-15.87
3023,47.234375,-10.75
3024,47.25,-5.85
3025,47.265625,-1.99
3026,47.28125,0.47
3027,47.296875,1.59
3028,47.3125,1.77
3029,47.328125,1.46
3030,47.34375,1.06
3031,47.359375,0.78
3032,47.375,0.63
3033,47.390625,0.55
3034,47.40625,0.46
3035,47.421875,0.32
3036,47.4375,0.2
3037,47.453125,0.18
3038,47.46875,0.36
3039,47.484375,0.71
3040,47.5,1.05
3041,47.515625,1.13
3042,47.53125,0.76
3043,47.546875,-0.17
3044,47.5625,-1.52
3045,47.578125,-3.08
3046,47.59375,-4.66
3047,47.609375,-6.14
3048,47.625,-7.54
3049,47.640625,-8.98
3050,47.65625,-10.54
3051,47.671875,-12.29
3052,47.6875,-14.23
3053,47.703125,-16.31
3054,47.71875,-18.54
3055,47.734375,-20.9
3056,47.75,-23.23
3057,47.765625,-25.17
3058,47.78125,-26.19
3059,47.796875,-25.69
3060,47.8125,-23.32
3061,47.828125,-19.2
3062,47.84375,-13.85
3063,47.859375,-8.16
3064,47.875,-2.96
3065,47.890625,1.2
3066,47.90625,4.18
3067,47.921875,6.17
3068,47.9375,7.55
3069,47.953125,8.64
3070,47.96875,9.62
3071,47.984375,10.54
3072,48.0,11.36
3073,48.015625,11.97
3074,48.03125,12.33
3075,48.046875,12.43
3076,48.0625,12.34
3077,48.078125,12.24
3078,48.09375,12.32
3079,48.109375,12.74
3080,48.125,13.58
3081,48.140625,14.72
3082,48.15625,15.9
3083,48.171875,16.79
3084,48.1875,17.06
3085,48.203125,16.58
3086,48.21875,15.38
3087,48.234375,13.64
3088,48.25,11.53
3089,48.265625,9.17
3090,48.28125,6.55
3091,48.296875,3.59
3092,48.3125,0.28
3093,48.328125,-3.34
3094,48.34375,-7.16
3095,48.359375,-10.96
3096,48.375,-14.55
3097,48.390625,-17.65
3098,48.40625,-19.88
3099,48.421875,-20.8
3100,48.4375,-20.01
3101,48.453125,-17.34
3102,48.46875,-13.04
3103,48.484375,-7.81
3104,48.5,-2.55
3105,48.515625,1.91
3106,48.53125,5.1
3107,48.546875,7.05
3108,48.5625,8.18
3109,48.578125,9.01
3110,48.59375,9.98
3111,48.609375,11.26
3112,48.625,12.68
3113,48.640625,13.97
3114,48.65625,14.82
3115,48.671875,15.06
3116,48.6875,14.75
3117,48.703125,14.1
3118,48.71875,13.4
3119,48.734375,12.86
3120,48.75,12.55
3121,48.765625,12.37
3122,48.78125,12.13
3123,48.796875,11.64
3124,48.8125,10.81
3125,48.828125,9.7
3126,48.84375,8.37
3127,48.859375,6.94
3128,48.875,5.39
3129,48.890625,3.66
3130,48.90625,1.7
3131,48.921875,-0.44
3132,48.9375,-2.65
3133,48.953125,-4.76
3134,48.96875,-6.68
3135,48.984375,-8.52
3136,49.0,-10.51
3137,49.015625,-12.85
3138,49.03125,-15.49
3139,49.046875,-18.02
3140,49.0625,-19.72
3141,49.078125,-19.8
3142,49.09375,-17.77
3143,49.109375,-13.71
3144,49.125,-8.33
3145,49.140625,-2.7
3146,49.15625,2.22
3147,49.171875,5.87
3148,49.1875,8.35
3149,49.203125,10.19
3150,49.21875,12.06
3151,49.234375,14.38
3152,49.25,17.19
3153,49.265625,20.09
3154,49.28125,22.58
3155,49.296875,24.28
3156,49.3125,25.01
3157,49.328125,24.97
3158,49.34375,24.5
3159,49.359375,23.92
3160,49.375,23.41
3161,49.390625,23.01
3162,49.40625,22.51
3163,49.421875,21.73
3164,49.4375,20.55
3165,49.453125,18.98
3166,49.46875,17.2
3167,49.484375,15.44
3168,49.5,13.83
3169,49.515625,12.4
3170,49.53125,10.97
3171,49.546875,9.29
3172,49.5625,7.19
3173,49.578125,4.66
3174,49.59375,1.78
3175,49.609375,-1.26
3176,49.625,-4.32
3177,49.640625,-7.31
3178,49.65625,-10.08
3179,49.671875,-12.39
3180,49.6875,-13.84
3181,49.703125,-14.02
3182,49.71875,-12.67
3183,49.734375,-9.88
3184,49.75,-6.08
3185,49.765625,-1.94
3186,49.78125,1.84
3187,49.796875,4.83
3188,49.8125,6.84
3189,49.828125,7.93
3190,49.84375,8.25
3191,49.859375,7.91
3192,49.875,7.0
3193,49.890625,5.71
3194,49.90625,4.29
3195,49.921875,3.04
3196,49.9375,2.24
3197,49.953125,2.03
3198,49.96875,2.33
3199,49.984375,2.83
3200,50.0,3.16
3201,50.015625,3.01
3202,50.03125,2.24
3203,50.046875,0.91
3204,50.0625,-0.85
3205,50.078125,-2.85
3206,50.09375,-4.99
3207,50.109375,-7.23
3208,50.125,-9.6
3209,50.140625,-12.18
3210,50.15625,-15.05
3211,50.171875,-18.32
3212,50.1875,-21.96
3213,50.203125,-25.78
3214,50.21875,-29.36
3215,50.234375,-32.05
3216,50.25,-33.18
3217,50.265625,-32.3
3218,50.28125,-29.4
3219,50.296875,-24.99
3220,50.3125,-19.91
3221,50.328125,-15.07
3222,50.34375,-11.03
3223,50.359375,-7.89
3224,50.375,-5.39
3225,50.390625,-3.08
3226,50.40625,-0.74
3227,50.421875,1.61
3228,50.4375,3.65
3229,50.453125,5.03
3230,50.46875,5.61
3231,50.484375,5.49
3232,50.5,4.97
3233,50.515625,4.31
3234,50.53125,3.62
3235,50.546875,2.84
3236,50.5625,1.89
3237,50.578125,0.76
3238,50.59375,-0.41
3239,50.609375,-1.41
3240,50.625,-2.12
3241,50.640625,-2.53
3242,50.65625,-2.87
3243,50.671875,-3.42
3244,50.6875,-4.5
3245,50.703125,-6.31
3246,50.71875,-8.98
3247,50.734375,-12.46
3248,50.75,-16.54
3249,50.765625,-20.7
3250,50.78125,-24.22
3251,50.796875,-26.34
3252,50.8125,-26.53
3253,50.828125,-24.75
3254,50.84375,-21.46
3255,50.859375,-17.41
3256,50.875,-13.35
3257,50.890625,-9.74
3258,50.90625,-6.61
3259,50.921875,-3.75
3260,50.9375,-0.82
3261,50.953125,2.28
3262,50.96875,5.41
3263,50.984375,8.22
3264,51.0,10.3
3265,51.015625,11.42
3266,51.03125,11.64
3267,51.046875,11.2
3268,51.0625,10.51
3269,51.078125,9.87
3270,51.09375,9.34
3271,51.109375,8.77
3272,51.125,7.93
3273,51.140625,6.67
3274,51.15625,5.04
3275,51.171875,3.31
3276,51.1875,1.78
3277,51.203125,0.64
3278,51.21875,-0.19
3279,51.234375,-1.02
3280,51.25,-2.26
3281,51.265625,-4.25
3282,51.28125,-7.09
3283,51.296875,-10.58
3284,51.3125,-14.24
3285,51.328125,-17.41
3286,51.34375,-19.39
3287,51.359375,-19.63
3288,51.375,-17.92
3289,51.390625,-14.47
3290,51.40625,-9.86
3291,51.421875,-4.87
3292,51.4375,-0.24
3293,51.453125,3.62
3294,51.46875,6.64
3295,51.484375,9.06
3296,51.5,11.25
3297,51.515625,13.43
3298,51.53125,15.65
3299,51.546875,17.65
3300,51.5625,19.11
3301,51.578125,19.83
3302,51.59375,19.88
3303,51.609375,19.6
3304,51.625,19.47
3305,51.640625,19.79
3306,51.65625,20.52
3307,51.671875,21.19
3308,51.6875,21.15
3309,51.703125,19.88
3310,51.71875,17.2
3311,51.734375,13.51
3312,51.75,9.44
3313,51.765625,5.72
3314,51.78125,2.77
3315,51.796875,0.61
3316,51.8125,-1.1
3317,51.828125,-2.8
3318,51.84375,-4.92
3319,51.859375,-7.66
3320,51.875,-10.96
3321,51.890625,-14.51
3322,51.90625,-17.81
3323,51.921875,-20.33
3324,51.9375,-21.6
3325,51.953125,-21.36
3326,51.96875,-19.67
3327,51.984375,-16.86
3328,52.0,-13.41
3329,52.015625,-9.84
3330,52.03125,-6.5
3331,52.046875,-3.62
3332,52.0625,-1.23
3333,52.078125,0.75
3334,52.09375,2.46
3335,52.109375,4.02
3336,52.125,5.51
3337,52.140625,6.91
3338,52.15625,8.11
3339,52.171875,9.02
3340,52.1875,9.62
3341,52.203125,10.0
3342,52.21875,10.33
3343,52.234375,10.74
3344,52.25,11.19
3345,52.265625,11.49
3346,52.28125,11.42
3347,52.296875,10.8
3348,52.3125,9.72
3349,52.328125,8.4
3350,52.34375,7.08
3351,52.359375,5.85
3352,52.375,4.68
3353,52.390625,3.38
3354,52.40625,1.85
3355,52.421875,0.03
3356,52.4375,-2.08
3357,52.453125,-4.44
3358,52.46875,-7.03
3359,52.484375,-9.75
3360,52.5,-12.37
3361,52.515625,-14.53
3362,52.53125,-15.8
3363,52.546875,-15.82
3364,52.5625,-14.44
3365,52.578125,-11.82
3366,52.59375,-8.33
3367,52.609375,-4.49
3368,52.625,-0.76
3369,52.640625,2.57
3370,52.65625,5.34
3371,52.671875,7.56
3372,52.6875,9.35
3373,52.703125,10.82
3374,52.71875,12.05
3375,52.734375,13.01
3376,52.75,13.69
3377,52.765625,14.02
3378,52.78125,14.06
3379,52.796875,13.88
3380,52.8125,13.61
3381,52.828125,13.37
3382,52.84375,13.23
3383,52.859375,13.17
3384,52.875,13.1
3385,52.890625,12.89
3386,52.90625,12.4
3387,52.921875,11.57
3388,52.9375,10.37
3389,52.953125,8.91
3390,52.96875,7.28
3391,52.984375,5.56
3392,53.0,3.76
3393,53.015625,1.89
3394,53.03125,-0.13
3395,53.046875,-2.34
3396,53.0625,-4.8
3397,53.078125,-7.52
3398,53.09375,-10.5
3399,53.109375,-13.62
3400,53.125,-16.6
3401,53.140625,-18.98
3402,53.15625,-20.2
3403,53.171875,-19.82
3404,53.1875,-17.69
3405,53.203125,-14.05
3406,53.21875,-9.56
3407,53.234375,-5.02
3408,53.25,-1.14
3409,53.265625,1.74
3410,53.28125,3.69
3411,53.296875,5.1
3412,53.3125,6.44
3413,53.328125,8.01
3414,53.34375,9.86
3415,53.359375,11.72
3416,53.375,13.17
3417,53.390625,13.88
3418,53.40625,13.71
3419,53.421875,12.8
3420,53.4375,11.47
3421,53.453125,10.06
3422,53.46875,8.79
3423,53.484375,7.71
3424,53.5,6.68
3425,53.515625,5.55
3426,53.53125,4.23
3427,53.546875,2.77
3428,53.5625,1.32
3429,53.578125,-0.01
3430,53.59375,-1.19
3431,53.609375,-2.34
3432,53.625,-3.61
3433,53.640625,-5.08
3434,53.65625,-6.79
3435,53.671875,-8.74
3436,53.6875,-10.93
3437,53.703125,-13.41
3438,53.71875,-16.12
3439,53.734375,-18.86
3440,53.75,-21.13
3441,53.765625,-22.36
3442,53.78125,-22.01
3443,53.796875,-19.91
3444,53.8125,-16.34
3445,53.828125,-11.95
3446,53.84375,-7.52
3447,53.859375,-3.65
3448,53.875,-0.58
3449,53.890625,1.73
3450,53.90625,3.49
3451,53.921875,4.94
3452,53.9375,6.17
3453,53.953125,7.19
3454,53.96875,7.9
3455,53.984375,8.24
3456,54.0,8.26
3457,54.015625,8.04
3458,54.03125,7.68
3459,54.046875,7.28
3460,54.0625,6.87
3461,54.078125,6.44
3462,54.09375,5.87
3463,54.109375,5.08
3464,54.125,3.96
3465,54.140625,2.51
3466,54.15625,0.79
3467,54.171875,-1.06
3468,54.1875,-2.9
3469,54.203125,-4.62
3470,54.21875,-6.14
3471,54.234375,-7.52
3472,54.25,-8.74
3473,54.265625,-9.84
3474,54.28125,-10.83
3475,54.296875,-11.8
3476,54.3125,-12.94
3477,54.328125,-14.58
3478,54.34375,-17.02
3479,54.359375,-20.31
3480,54.375,-24.1
3481,54.390625,-27.57
3482,54.40625,-29.8
3483,54.421875,-30.04
3484,54.4375,-28.11
3485,54.453125,-24.47
3486,54.46875,-20.03
3487,54.484375,-15.76
3488,54.5,-12.23
3489,54.515625,-9.47
3490,54.53125,-7.03
3491,54.546875,-4.41
3492,54.5625,-1.27
3493,54.578125,2.37
3494,54.59375,6.2
3495,54.609375,9.85
3496,54.625,13.09
3497,54.640625,15.88
3498,54.65625,18.33
3499,54.671875,20.53
3500,54.6875,22.43
3501,54.703125,23.91
3502,54.71875,24.76
3503,54.734375,24.86
3504,54.75,24.24
3505,54.765625,23.03
3506,54.78125,21.45
3507,54.796875,19.65
3508,54.8125,17.76
3509,54.828125,15.79
3510,54.84375,13.72
3511,54.859375,11.54
3512,54.875,9.24
3513,54.890625,6.86
3514,54.90625,4.4
3515,54.921875,1.79
3516,54.9375,-1.13
3517,54.953125,-4.5
3518,54.96875,-8.35
3519,54.984375,-12.36
3520,55.0,-15.91
3521,55.015625,-18.21
3522,55.03125,-18.61
3523,55.046875,-16.91
3524,55.0625,-13.47
3525,55.078125,-9.17
3526,55.09375,-5.02
3527,55.109375,-1.88
3528,55.125,-0.1
3529,55.140625,0.45
3530,55.15625,0.27
3531,55.171875,-0.03
3532,55.1875,0.0
3533,55.203125,0.52
3534,55.21875,1.43
3535,55.234375,2.49
3536,55.25,3.53
3537,55.265625,4.5
3538,55.28125,5.49
3539,55.296875,6.58
3540,55.3125,7.72
3541,55.328125,8.69
3542,55.34375,9.17
3543,55.359375,8.94
3544,55.375,8.0
3545,55.390625,6.59
3546,55.40625,5.07
3547,55.421875,3.72
3548,55.4375,2.54
3549,55.453125,1.34
3550,55.46875,-0.23
3551,55.484375,-2.45
3552,55.5,-5.34
3553,55.515625,-8.65
3554,55.53125,-11.94
3555,55.546875,-14.74
3556,55.5625,-16.75
3557,55.578125,-17.93
3558,55.59375,-18.53
3559,55.609375,-18.98
3560,55.625,-19.73
3561,55.640625,-21.08
3562,55.65625,-23.08
3563,55.671875,-25.44
3564,55.6875,-27.55
3565,55.703125,-28.65
3566,55.71875,-28.08
3567,55.734375,-25.49
3568,55.75,-20.97
3569,55.765625,-15.07
3570,55.78125,-8.58
3571,55.796875,-2.32
3572,55.8125,3.1
3573,55.828125,7.46
3574,55.84375,10.82
3575,55.859375,13.42
3576,55.875,15.6
3577,55.890625,17.59
3578,55.90625,19.53
3579,55.921875,21.42
3580,55.9375,23.11
3581,55.953125,24.44
3582,55.96875,25.19
3583,55.984375,25.29
3584,56.0,24.72
3585,56.015625,23.56
3586,56.03125,21.83
3587,56.046875,19.59
3588,56.0625,16.95
3589,56.078125,14.11
3590,56.09375,11.38
3591,56.109375,9.08
3592,56.125,7.38
3593,56.140625,6.17
3594,56.15625,5.11
3595,56.171875,3.77
3596,56.1875,1.84
3597,56.203125,-0.64
3598,56.21875,-3.32
3599,56.234375,-5.81
3600,56.25,-7.78
3601,56.265625,-9.24
3602,56.28125,-10.41
3603,56.296875,-11.65
3604,56.3125,-13.27
3605,56.328125,-15.47
3606,56.34375,-18.3
3607,56.359375,-21.7
3608,56.375,-25.49
3609,56.390625,-29.3
3610,56.40625,-32.59
3611,56.421875,-34.67
3612,56.4375,-34.95
3613,56.453125,-33.19
3614,56.46875,-29.63
3615,56.484375,-24.94
3616,56.5,-19.99
3617,56.515625,-15.47
3618,56.53125,-11.74
3619,56.546875,-8.77
3620,56.5625,-6.24
3621,56.578125,-3.78
3622,56.59375,-1.19
3623,56.609375,1.6
3624,56.625,4.49
3625,56.640625,7.3
3626,56.65625,9.88
3627,56.671875,12.12
3628,56.6875,13.97
3629,56.703125,15.51
3630,56.71875,16.8
3631,56.734375,17.91
3632,56.75,18.84
3633,56.765625,19.52
3634,56.78125,19.85
3635,56.796875,19.67
3636,56.8125,18.89
3637,56.828125,17.4
3638,56.84375,15.17
3639,56.859375,12.15
3640,56.875,8.49
3641,56.890625,4.44
3642,56.90625,0.4
3643,56.921875,-3.2
3644,56.9375,-6.0
3645,56.953125,-7.92
3646,56.96875,-9.23
3647,56.984375,-10.39
3648,57.0,-11.97
3649,57.015625,-14.37
3650,57.03125,-17.64
3651,57.046875,-21.42
3652,57.0625,-24.97
3653,57.078125,-27.38
3654,57.09375,-27.81
3655,57.109375,-25.83
3656,57.125,-21.55
3657,57.140625,-15.66
3658,57.15625,-9.23
3659,57.171875,-3.37
3660,57.1875,1.07
3661,57.203125,3.82
3662,57.21875,5.09
3663,57.234375,5.49
3664,57.25,5.68
3665,57.265625,6.22
3666,57.28125,7.37
3667,57.296875,9.15
3668,57.3125,11.39
3669,57.328125,13.81
3670,57.34375,16.15
3671,57.359375,18.11
3672,57.375,19.51
3673,57.390625,20.24
3674,57.40625,20.31
3675,57.421875,19.88
3676,57.4375,19.16
3677,57.453125,18.4
3678,57.46875,17.77
3679,57.484375,17.31
3680,57.5,16.84
3681,57.515625,16.05
3682,57.53125,14.66
3683,57.546875,12.49
3684,57.5625,9.63
3685,57.578125,6.34
3686,57.59375,3.06
3687,57.609375,0.09
3688,57.625,-2.44
3689,57.640625,-4.66
3690,57.65625,-6.81
3691,57.671875,-9.16
3692,57.6875,-11.89
3693,57.703125,-15.0
3694,57.71875,-18.36
3695,57.734375,-21.57
3696,57.75,-24.13
3697,57.765625,-25.47
3698,57.78125,-25.1
3699,57.796875,-22.81
3700,57.8125,-18.84
3701,57.828125,-13.87
3702,57.84375,-8.7
3703,57.859375,-4.04
3704,57.875,-0.23
3705,57.890625,2.83
3706,57.90625,5.51
3707,57.921875,8.14
3708,57.9375,10.86
3709,57.953125,13.56
3710,57.96875,15.92
3711,57.984375,17.72
3712,58.0,18.88
3713,58.015625,19.56
3714,58.03125,20.0
3715,58.046875,20.42
3716,58.0625,20.9
3717,58.078125,21.31
3718,58.09375,21.43
3719,58.109375,21.03
3720,58.125,20.03
3721,58.140625,18.53
3722,58.15625,16.82
3723,58.171875,15.26
3724,58.1875,14.1
3725,58.203125,13.39
3726,58.21875,12.87
3727,58.234375,12.09
3728,58.25,10.55
3729,58.265625,7.94
3730,58.28125,4.36
3731,58.296875,0.24
3732,58.3125,-3.74
3733,58.328125,-7.01
3734,58.34375,-9.35
3735,58.359375,-10.98
3736,58.375,-12.45
3737,58.390625,-14.38
3738,58.40625,-17.2
3739,58.421875,-21.06
3740,58.4375,-25.69
3741,58.453125,-30.56
3742,58.46875,-34.82
3743,58.484375,-37.62
3744,58.5,-38.18
3745,58.515625,-36.05
3746,58.53125,-31.34
3747,58.546875,-24.69
3748,58.5625,-17.19
3749,58.578125,-10.02
3750,58.59375,-4.06
3751,58.609375,0.35
3752,58.625,3.38
3753,58.640625,5.48
3754,58.65625,7.15
3755,58.671875,8.69
3756,58.6875,10.2
3757,58.703125,11.66
3758,58.71875,13.0
3759,58.734375,14.16
3760,58.75,15.16
3761,58.765625,16.0
3762,58.78125,16.66
3763,58.796875,17.09
3764,58.8125,17.22
3765,58.828125,17.03
3766,58.84375,16.54
3767,58.859375,15.84
3768,58.875,14.98
3769,58.890625,14.04
3770,58.90625,13.06
3771,58.921875,12.07
3772,58.9375,11.03
3773,58.953125,9.88
3774,58.96875,8.5
3775,58.984375,6.77
3776,59.0,4.72
3777,59.015625,2.49
3778,59.03125,0.37
3779,59.046875,-1.36
3780,59.0625,-2.61
3781,59.078125,-3.48
3782,59.09375,-4.38
3783,59.109375,-5.72
3784,59.125,-7.84
3785,59.140625,-10.83
3786,59.15625,-14.55
3787,59.171875,-18.68
3788,59.1875,-22.76
3789,59.203125,-26.26
3790,59.21875,-28.5
3791,59.234375,-28.9
3792,59.25,-27.06
3793,59.265625,-23.03
3794,59.28125,-17.32
3795,59.296875,-10.89
3796,59.3125,-4.76
3797,59.328125,0.31
3798,59.34375,4.02
3799,59.359375,6.53
3800,59.375,8.23
3801,59.390625,9.47
3802,59.40625,10.38
3803,59.421875,10.86
3804,59.4375,10.74
3805,59.453125,10.04
3806,59.46875,8.98
3807,59.484375,7.93
3808,59.5,7.33
3809,59.515625,7.4
3810,59.53125,8.06
3811,59.546875,9.01
3812,59.5625,9.8
3813,59.578125,10.03
3814,59.59375,9.53
3815,59.609375,8.34
3816,59.625,6.75
3817,59.640625,5.07
3818,59.65625,3.55
3819,59.671875,2.29
3820,59.6875,1.22
3821,59.703125,0.18
3822,59.71875,-1.02
3823,59.734375,-2.43
3824,59.75,-4.06
3825,59.765625,-5.88
3826,59.78125,-7.86
3827,59.796875,-10.11
3828,59.8125,-12.75
3829,59.828125,-15.89
3830,59.84375,-19.53
3831,59.859375,-23.52
3832,59.875,-27.5
3833,59.890625,-31.04
3834,59.90625,-33.61
3835,59.921875,-34.74
3836,59.9375,-34.02
3837,59.953125,-31.27
3838,59.96875,-26.62
3839,59.984375,-20.57
3840,60.0,-13.91
3841,60.015625,-7.58
3842,60.03125,-2.34
3843,60.046875,1.41
3844,60.0625,3.71
3845,60.078125,4.98
3846,60.09375,5.76
3847,60.109375,6.49
3848,60.125,7.38
3849,60.140625,8.46
3850,60.15625,9.66
3851,60.171875,10.89
3852,60.1875,12.09
3853,60.203125,13.22
3854,60.21875,14.2
3855,60.234375,14.9
3856,60.25,15.15
3857,60.265625,14.83
3858,60.28125,13.97
3859,60.296875,12.7
3860,60.3125,11.21
3861,60.328125,9.72
3862,60.34375,8.31
3863,60.359375,6.91
3864,60.375,5.36
3865,60.390625,3.48
3866,60.40625,1.17
3867,60.421875,-1.51
3868,60.4375,-4.35
3869,60.453125,-7.07
3870,60.46875,-9.42
3871,60.484375,-11.23
3872,60.5,-12.5
3873,60.515625,-13.4
3874,60.53125,-14.21
3875,60.546875,-15.33
3876,60.5625,-17.13
3877,60.578125,-19.81
3878,60.59375,-23.2
3879,60.609375,-26.68
3880,60.625,-29.34
3881,60.640625,-30.17
3882,60.65625,-28.49
3883,60.671875,-24.18
3884,60.6875,-17.76
3885,60.703125,-10.21
3886,60.71875,-2.59
3887,60.734375,4.25
3888,60.75,9.92
3889,60.765625,14.47
3890,60.78125,18.2
3891,60.796875,21.46
3892,60.8125,24.47
3893,60.828125,27.23
3894,60.84375,29.67
3895,60.859375,31.69
3896,60.875,33.24
3897,60.890625,34.38
3898,60.90625,35.15
3899,60.921875,35.57
3900,60.9375,35.55
3901,60.953125,35.06
3902,60.96875,34.07
3903,60.984375,32.7
3904,61.0,31.11
3905,61.015625,29.4
3906,61.03125,27.59
3907,61.046875,25.53
3908,61.0625,23.02
3909,61.078125,19.92
3910,61.09375,16.29
3911,61.109375,12.31
3912,61.125,8.27
3913,61.140625,4.4
3914,61.15625,0.83
3915,61.171875,-2.47
3916,61.1875,-5.66
3917,61.203125,-9.01
3918,61.21875,-12.82
3919,61.234375,-17.29
3920,61.25,-22.38
3921,61.265625,-27.64
3922,61.28125,-32.23
3923,61.296875,-35.09
3924,61.3125,-35.35
3925,61.328125,-32.7
3926,61.34375,-27.44
3927,61.359375,-20.54
3928,61.375,-13.14
3929,61.390625,-6.35
3930,61.40625,-0.85
3931,61.421875,3.1
3932,61.4375,5.64
3933,61.453125,7.19
3934,61.46875,8.2
3935,61.484375,9.09
3936,61.5,10.07
3937,61.515625,11.14
3938,61.53125,12.12
3939,61.546875,12.83
3940,61.5625,13.17
3941,61.578125,13.23
3942,61.59375,13.19
3943,61.609375,13.2
3944,61.625,13.32
3945,61.640625,13.49
3946,61.65625,13.66
3947,61.671875,13.8
3948,61.6875,13.95
3949,61.703125,14.08
3950,61.71875,14.03
3951,61.734375,13.52
3952,61.75,12.25
3953,61.765625,10.14
3954,61.78125,7.36
3955,61.796875,4.3
3956,61.8125,1.43
3957,61.828125,-0.95
3958,61.84375,-2.78
3959,61.859375,-4.33
3960,61.875,-5.97
3961,61.890625,-8.13
3962,61.90625,-11.09
3963,61.921875,-14.84
3964,61.9375,-19.03
3965,61.953125,-23.01
3966,61.96875,-25.87
3967,61.984375,-26.83
3968,62.0,-25.45
3969,62.015625,-21.9
3970,62.03125,-16.98
3971,62.046875,-11.8
3972,62.0625,-7.33
3973,62.078125,-4.15
3974,62.09375,-2.27
3975,62.109375,-1.24
3976,62.125,-0.49
3977,62.140625,0.38
3978,62.15625,1.56
3979,62.171875,3.02
3980,62.1875,4.63
3981,62.203125,6.29
3982,62.21875,7.9
3983,62.234375,9.39
3984,62.25,10.63
3985,62.265625,11.54
3986,62.28125,12.07
3987,62.296875,12.28
3988,62.3125,12.33
3989,62.328125,12.39
3990,62.34375,12.61
3991,62.359375,13.03
3992,62.375,13.54
3993,62.390625,13.92
3994,62.40625,13.86
3995,62.421875,13.05
3996,62.4375,11.36
3997,62.453125,8.86
3998,62.46875,5.83
3999,62.484375,2.74
4000,62.5,-0.0
4001,62.515625,-2.21
4002,62.53125,-3.99
4003,62.546875,-5.77
4004,62.5625,-8.11
4005,62.578125,-11.41
4006,62.59375,-15.76
4007,62.609375,-20.68
4008,62.625,-25.31
4009,62.640625,-28.57
4010,62.65625,-29.57
4011,62.671875,-27.84
4012,62.6875,-23.51
4013,62.703125,-17.32
4014,62.71875,-10.28
4015,62.734375,-3.41
4016,62.75,2.53
4017,62.765625,7.17
4018,62.78125,10.56
4019,62.796875,12.94
4020,62.8125,14.66
4021,62.828125,16.03
4022,62.84375,17.25
4023,62.859375,18.43
4024,62.875,19.57
4025,62.890625,20.61
4026,62.90625,21.47
4027,62.921875,22.01
4028,62.9375,22.12
4029,62.953125,21.79
4030,62.96875,21.05
4031,62.984375,20.01
4032,63.0,18.75
4033,63.015625,17.24
4034,63.03125,15.41
4035,63.046875,13.18
4036,63.0625,10.52
4037,63.078125,7.51
4038,63.09375,4.31
4039,63.109375,1.11
4040,63.125,-2.01
4041,63.140625,-5.01
4042,63.15625,-7.95
4043,63.171875,-10.93
4044,63.1875,-14.04
4045,63.203125,-17.33
4046,63.21875,-20.85
4047,63.234375,-24.66
4048,63.25,-28.62
4049,63.265625,-32.38
4050,63.28125,-35.31
4051,63.296875,-36.62
4052,63.3125,-35.69
4053,63.328125,-32.26
4054,63.34375,-26.7
4055,63.359375,-19.86
4056,63.375,-12.88
4057,63.390625,-6.74
4058,63.40625,-2.05
4059,63.421875,1.14
4060,63.4375,3.23
4061,63.453125,4.76
4062,63.46875,6.2
4063,63.484375,7.77
4064,63.5,9.46
4065,63.515625,11.06
4066,63.53125,12.35
4067,63.546875,13.17
4068,63.5625,13.57
4069,63.578125,13.68
4070,63.59375,13.73
4071,63.609375,13.84
4072,63.625,14.01
4073,63.640625,14.16
4074,63.65625,14.13
4075,63.671875,13.81
4076,63.6875,13.15
4077,63.703125,12.23
4078,63.71875,11.12
4079,63.734375,9.83
4080,63.75,8.31
4081,63.765625,6.43
4082,63.78125,4.13
4083,63.796875,1.47
4084,63.8125,-1.42
4085,63.828125,-4.33
4086,63.84375,-7.26
4087,63.859375,-10.37
4088,63.875,-13.96
4089,63.890625,-18.23
4090,63.90625,-23.05
4091,63.921875,-27.79
4092,63.9375,-31.39
4093,63.953125,-32.76
4094,63.96875,-31.13
4095,63.984375,-26.51
4096,64.0,-19.67
4097,64.015625,-11.97
4098,64.03125,-4.8
4099,64.046875,0.78
4100,64.0625,4.35
4101,64.078125,6.2
4102,64.09375,7.03
4103,64.109375,7.69
4104,64.125,8.8
4105,64.140625,10.6
4106,64.15625,12.93
4107,64.171875,15.46
4108,64.1875,17.79
4109,64.203125,19.69
4110,64.21875,21.15
4111,64.234375,22.2
4112,64.25,22.86
4113,64.265625,23.06
4114,64.28125,22.62
4115,64.296875,21.44
4116,64.3125,19.58
4117,64.328125,17.29
4118,64.34375,14.96
4119,64.359375,12.86
4120,64.375,11.0
4121,64.390625,9.14
4122,64.40625,6.89
4123,64.421875,4.04
4124,64.4375,0.63
4125,64.453125,-2.96
4126,64.46875,-6.2
4127,64.484375,-8.74
4128,64.5,-10.49
4129,64.515625,-11.78
4130,64.53125,-13.16
4131,64.546875,-15.27
4132,64.5625,-18.54
4133,64.578125,-23.1
4134,64.59375,-28.66
4135,64.609375,-34.52
4136,64.625,-39.67
4137,64.640625,-42.96
4138,64.65625,-43.49
4139,64.671875,-40.83
4140,64.6875,-35.26
4141,64.703125,-27.64
4142,64.71875,-19.17
4143,64.734375,-11.0
4144,64.75,-3.89
4145,64.765625,1.86
4146,64.78125,6.4
4147,64.796875,10.05
4148,64.8125,13.17
4149,64.828125,16.02
4150,64.84375,18.7
4151,64.859375,21.14
4152,64.875,23.21
4153,64.890625,24.73
4154,64.90625,25.6
4155,64.921875,25.84
4156,64.9375,25.58
4157,64.953125,24.96
4158,64.96875,24.14
4159,64.984375,23.19
4160,65.0,22.1
4161,65.015625,20.88
4162,65.03125,19.53
4163,65.046875,18.09
4164,65.0625,16.52
4165,65.078125,14.73
4166,65.09375,12.51
4167,65.109375,9.7
4168,65.125,6.28
4169,65.140625,2.43
4170,65.15625,-1.5
4171,65.171875,-5.08
4172,65.1875,-7.99
4173,65.203125,-10.15
4174,65.21875,-11.72
4175,65.234375,-13.12
4176,65.25,-14.88
4177,65.265625,-17.48
4178,65.28125,-21.21
4179,65.296875,-25.91
4180,65.3125,-30.93
4181,65.328125,-35.25
4182,65.34375,-37.68
4183,65.359375,-37.35
4184,65.375,-34.03
4185,65.390625,-28.22
4186,65.40625,-21.03
4187,65.421875,-13.74
4188,65.4375,-7.35
4189,65.453125,-2.33
4190,65.46875,1.36
4191,65.484375,4.17
4192,65.5,6.58
4193,65.515625,8.87
4194,65.53125,11.07
4195,65.546875,12.98
4196,65.5625,14.35
4197,65.578125,15.03
4198,65.59375,15.07
4199,65.609375,14.67
4200,65.625,14.17
4201,65.640625,13.87
4202,65.65625,13.91
4203,65.671875,14.31
4204,65.6875,14.93
4205,65.703125,15.61
4206,65.71875,16.16
4207,65.734375,16.4
4208,65.75,16.13
4209,65.765625,15.14
4210,65.78125,13.28
4211,65.796875,10.49
4212,65.8125,6.9
4213,65.828125,2.81
4214,65.84375,-1.36
4215,65.859375,-5.25
4216,65.875,-8.68
4217,65.890625,-11.74
4218,65.90625,-14.72
4219,65.921875,-17.89
4220,65.9375,-21.33
4221,65.953125,-24.73
4222,65.96875,-27.44
4223,65.984375,-28.67
4224,66.0,-27.83
4225,66.015625,-24.72
4226,66.03125,-19.66
4227,66.046875,-13.45
4228,66.0625,-7.01
4229,66.078125,-1.18
4230,66.09375,3.49
4231,66.109375,6.83
4232,66.125,8.98
4233,66.140625,10.33
4234,66.15625,11.31
4235,66.171875,12.27
4236,66.1875,13.31
4237,66.203125,14.38
4238,66.21875,15.3
4239,66.234375,15.92
4240,66.25,16.21
4241,66.265625,16.24
4242,66.28125,16.13
4243,66.296875,15.92
4244,66.3125,15.47
4245,66.328125,14.5
4246,66.34375,12.74
4247,66.359375,10.07
4248,66.375,6.7
4249,66.390625,3.05
4250,66.40625,-0.42
4251,66.421875,-3.42
4252,66.4375,-5.9
4253,66.453125,-8.12
4254,66.46875,-10.46
4255,66.484375,-13.22
4256,66.5,-16.53
4257,66.515625,-20.28
4258,66.53125,-24.15
4259,66.546875,-27.66
4260,66.5625,-30.21
4261,66.578125,-31.14
4262,66.59375,-29.98
4263,66.609375,-26.54
4264,66.625,-21.12
4265,66.640625,-14.53
4266,66.65625,-7.77
4267,66.671875,-1.77
4268,66.6875,2.89
4269,66.703125,6.14
4270,66.71875,8.3
4271,66.734375,9.83
4272,66.75,11.13
4273,66.765625,12.34
4274,66.78125,13.34
4275,66.796875,13.95
4276,66.8125,14.0
4277,66.828125,13.51
4278,66.84375,12.7
4279,66.859375,11.9
4280,66.875,11.33
4281,66.890625,10.95
4282,66.90625,10.48
4283,66.921875,9.56
4284,66.9375,7.96
4285,66.953125,5.81
4286,66.96875,3.52
4287,66.984375,1.58
4288,67.0,0.24
4289,67.015625,-0.68
4290,67.03125,-1.67
4291,67.046875,-3.29
4292,67.0625,-5.88
4293,67.078125,-9.44
4294,67.09375,-13.63
4295,67.109375,-18.07
4296,67.125,-22.27
4297,67.140625,-25.84
4298,67.15625,-28.3
4299,67.171875,-29.16
4300,67.1875,-28.04
4301,67.203125,-24.83
4302,67.21875,-19.85
4303,67.234375,-13.86
4304,67.25,-7.79
4305,67.265625,-2.44
4306,67.28125,1.76
4307,67.296875,4.83
4308,67.3125,7.11
4309,67.328125,8.97
4310,67.34375,10.64
4311,67.359375,12.1
4312,67.375,13.2
4313,67.390625,13.8
4314,67.40625,13.94
4315,67.421875,13.83
4316,67.4375,13.81
4317,67.453125,14.1
4318,67.46875,14.68
4319,67.484375,15.36
4320,67.5,15.75
4321,67.515625,15.53
4322,67.53125,14.54
4323,67.546875,12.76
4324,67.5625,10.44
4325,67.578125,7.8
4326,67.59375,5.03
4327,67.609375,2.12
4328,67.625,-1.05
4329,67.640625,-4.66
4330,67.65625,-8.81
4331,67.671875,-13.41
4332,67.6875,-18.25
4333,67.703125,-23.09
4334,67.71875,-27.86
4335,67.734375,-32.63
4336,67.75,-37.44
4337,67.765625,-42.09
4338,67.78125,-45.84
4339,67.796875,-47.69
4340,67.8125,-46.75
4341,67.828125,-42.83
4342,67.84375,-36.81
4343,67.859375,-30.48
4344,67.875,-26.02
4345,67.890625,-25.12
4346,67.90625,-28.3
4347,67.921875,-34.68
4348,67.9375,-42.32
4349,67.953125,-48.89
4350,67.96875,-52.66
4351,67.984375,-53.04
4352,68.0,-50.8
4353,68.015625,-47.74
4354,68.03125,-46.12
4355,68.046875,-48.06
4356,68.0625,-54.78
4357,68.078125,-66.11
4358,68.09375,-79.96
4359,68.109375,-92.37
4360,68.125,-98.16
4361,68.140625,-92.53
4362,68.15625,-73.22
4363,68.171875,-42.02
4364,68.1875,-4.89
4365,68.203125,30.11
4366,68.21875,55.83
4367,68.234375,68.98
4368,68.25,71.0
4369,68.265625,66.81
4370,68.28125,62.22
4371,68.296875,61.43
4372,68.3125,65.94
4373,68.328125,75.11
4374,68.34375,87.58
4375,68.359375,102.34
4376,68.375,119.11
4377,68.390625,137.87
4378,68.40625,158.5
4379,68.421875,180.83
4380,68.4375,204.88
4381,68.453125,230.75
4382,68.46875,257.79
4383,68.484375,283.68
4384,68.5,304.07
4385,68.515625,313.52
4386,68.53125,307.41
4387,68.546875,283.91
4388,68.5625,244.87
4389,68.578125,195.11
4390,68.59375,140.67
4391,68.609375,86.9
4392,68.625,37.44
4393,68.640625,-5.45
4394,68.65625,-39.93
4395,68.671875,-63.92
4396,68.6875,-75.48
4397,68.703125,-74.14
4398,68.71875,-62.32
4399,68.734375,-45.26
4400,68.75,-29.53
4401,68.765625,-20.41
4402,68.78125,-19.81
4403,68.796875,-25.76
4404,68.8125,-33.83
4405,68.828125,-39.77
4406,68.84375,-41.53
4407,68.859375,-39.92
4408,68.875,-37.61
4409,68.890625,-37.22
4410,68.90625,-39.87
4411,68.921875,-44.92
4412,68.9375,-50.76
4413,68.953125,-56.09
4414,68.96875,-60.82
4415,68.984375,-65.95
4416,69.0,-72.96
4417,69.015625,-82.81
4418,69.03125,-95.3
4419,69.046875,-108.95
4420,69.0625,-121.4
4421,69.078125,-130.11
4422,69.09375,-133.11
4423,69.109375,-129.46
4424,69.125,-119.49
4425,69.140625,-104.61
4426,69.15625,-86.95
4427,69.171875,-68.78
4428,69.1875,-52.02
4429,69.203125,-37.99
4430,69.21875,-27.18
4431,69.234375,-19.36
4432,69.25,-13.8
4433,69.265625,-9.48
4434,69.28125,-5.39
4435,69.296875,-0.65
4436,69.3125,5.3
4437,69.328125,12.67
4438,69.34375,21.33
4439,69.359375,30.83
4440,69.375,40.55
4441,69.390625,49.88
4442,69.40625,58.34
4443,69.421875,65.69
4444,69.4375,71.84
4445,69.453125,76.79
4446,69.46875,80.37
4447,69.484375,82.18
4448,69.5,81.69
4449,69.515625,78.43
4450,69.53125,72.31
4451,69.546875,63.76
4452,69.5625,53.65
4453,69.578125,43.04
4454,69.59375,32.77
4455,69.609375,23.4
4456,69.625,15.15
4457,69.640625,8.18
4458,69.65625,2.75
4459,69.671875,-0.9
4460,69.6875,-2.67
4461,69.703125,-2.97
4462,69.71875,-2.68
4463,69.734375,-2.91
4464,69.75,-4.55
4465,69.765625,-7.91
4466,69.78125,-12.67
4467,69.796875,-18.19
4468,69.8125,-23.94
4469,69.828125,-29.75
4470,69.84375,-35.74
4471,69.859375,-42.07
4472,69.875,-48.57
4473,69.890625,-54.66
4474,69.90625,-59.42
4475,69.921875,-61.89
4476,69.9375,-61.4
4477,69.953125,-57.82
4478,69.96875,-51.59
4479,69.984375,-43.72
4480,70.0,-35.54
4481,70.015625,-28.34
4482,70.03125,-23.15
4483,70.046875,-20.34
4484,70.0625,-19.67
4485,70.078125,-20.34
4486,70.09375,-21.41
4487,70.109375,-22.06
4488,70.125,-21.89
4489,70.140625,-20.89
4490,70.15625,-19.33
4491,70.171875,-17.51
4492,70.1875,-15.61
4493,70.203125,-13.75
4494,70.21875,-12.06
4495,70.234375,-10.77
4496,70.25,-10.26
4497,70.265625,-10.87
4498,70.28125,-12.68
4499,70.296875,-15.45
4500,70.3125,-18.69
4501,70.328125,-21.91
4502,70.34375,-24.9
4503,70.359375,-27.76
4504,70.375,-30.77
4505,70.390625,-33.95
4506,70.40625,-36.8
4507,70.421875,-38.38
4508,70.4375,-37.66
4509,70.453125,-34.07
4510,70.46875,-27.87
4511,70.484375,-20.16
4512,70.5,-12.43
4513,70.515625,-5.93
4514,70.53125,-1.21
4515,70.546875,1.97
4516,70.5625,4.34
4517,70.578125,6.58
4518,70.59375,8.99
4519,70.609375,11.32
4520,70.625,13.05
4521,70.640625,13.68
4522,70.65625,13.14
4523,70.671875,11.79
4524,70.6875,10.24
4525,70.703125,9.14
4526,70.71875,8.81
4527,70.734375,9.14
4528,70.75,9.76
4529,70.765625,10.14
4530,70.78125,9.96
4531,70.796875,9.18
4532,70.8125,7.99
4533,70.828125,6.62
4534,70.84375,5.22
4535,70.859375,3.74
4536,70.875,2.04
4537,70.890625,0.08
4538,70.90625,-1.98
4539,70.921875,-3.78
4540,70.9375,-4.95
4541,70.953125,-5.39
4542,70.96875,-5.37
4543,70.984375,-5.48
4544,71.0,-6.44
4545,71.015625,-8.8
4546,71.03125,-12.7
4547,71.046875,-17.76
4548,71.0625,-23.06
4549,71.078125,-27.45
4550,71.09375,-29.8
4551,71.109375,-29.35
4552,71.125,-25.99
4553,71.140625,-20.35
4554,71.15625,-13.56
4555,71.171875,-6.94
4556,71.1875,-1.54
4557,71.203125,2.14
4558,71.21875,4.21
4559,71.234375,5.17
4560,71.25,5.62
4561,71.265625,6.01
4562,71.28125,6.53
4563,71.296875,7.22
4564,71.3125,8.07
4565,71.328125,9.09
4566,71.34375,10.36
4567,71.359375,11.89
4568,71.375,13.63
4569,71.390625,15.42
4570,71.40625,17.03
4571,71.421875,18.24
4572,71.4375,18.98
4573,71.453125,19.32
4574,71.46875,19.4
4575,71.484375,19.45
4576,71.5,19.54
4577,71.515625,19.59
4578,71.53125,19.32
4579,71.546875,18.34
4580,71.5625,16.3
4581,71.578125,13.16
4582,71.59375,9.18
4583,71.609375,4.92
4584,71.625,1.03
4585,71.640625,-2.04
4586,71.65625,-4.23
4587,71.671875,-5.91
4588,71.6875,-7.77
4589,71.703125,-10.54
4590,71.71875,-14.73
4591,71.734375,-20.42
4592,71.75,-27.06
4593,71.765625,-33.68
4594,71.78125,-39.0
4595,71.796875,-41.81
4596,71.8125,-41.3
4597,71.828125,-37.4
4598,71.84375,-30.78
4599,71.859375,-22.7
4600,71.875,-14.65
4601,71.890625,-7.82
4602,71.90625,-2.83
4603,71.921875,0.38
4604,71.9375,2.34
4605,71.953125,3.84
4606,71.96875,5.45
4607,71.984375,7.45
4608,72.0,9.75
4609,72.015625,12.09
4610,72.03125,14.17
4611,72.046875,15.77
4612,72.0625,16.78
4613,72.078125,17.12
4614,72.09375,16.77
4615,72.109375,15.74
4616,72.125,14.09
4617,72.140625,12.06
4618,72.15625,9.94
4619,72.171875,8.11
4620,72.1875,6.78
4621,72.203125,5.97
4622,72.21875,5.41
4623,72.234375,4.67
4624,72.25,3.3
4625,72.265625,1.1
4626,72.28125,-1.84
4627,72.296875,-5.15
4628,72.3125,-8.34
4629,72.328125,-11.01
4630,72.34375,-13.02
4631,72.359375,-14.47
4632,72.375,-15.78
4633,72.390625,-17.41
4634,72.40625,-19.73
4635,72.421875,-22.83
4636,72.4375,-26.4
4637,72.453125,-29.63
4638,72.46875,-31.49
4639,72.484375,-31.0
4640,72.5,-27.7
4641,72.515625,-21.81
4642,72.53125,-14.3
4643,72.546875,-6.47
4644,72.5625,0.43
4645,72.578125,5.66
4646,72.59375,9.16
4647,72.609375,11.38
4648,72.625,13.01
4649,72.640625,14.56
4650,72.65625,16.25
4651,72.671875,17.97
4652,72.6875,19.47
4653,72.703125,20.52
4654,72.71875,21.06
4655,72.734375,21.2
4656,72.75,21.12
4657,72.765625,21.02
4658,72.78125,21.03
4659,72.796875,21.14
4660,72.8125,21.2
4661,72.828125,21.05
4662,72.84375,20.48
4663,72.859375,19.33
4664,72.875,17.53
4665,72.890625,15.06
4666,72.90625,12.05
4667,72.921875,8.72
4668,72.9375,5.36
4669,72.953125,2.23
4670,72.96875,-0.44
4671,72.984375,-2.6
4672,73.0,-4.4
4673,73.015625,-6.17
4674,73.03125,-8.38
4675,73.046875,-11.42
4676,73.0625,-15.43
4677,73.078125,-20.06
4678,73.09375,-24.52
4679,73.109375,-27.77
4680,73.125,-28.76
4681,73.140625,-26.97
4682,73.15625,-22.58
4683,73.171875,-16.48
4684,73.1875,-9.97
4685,73.203125,-4.3
4686,73.21875,-0.18
4687,73.234375,2.32
4688,73.25,3.7
4689,73.265625,4.63
4690,73.28125,5.65
4691,73.296875,6.95
4692,73.3125,8.41
4693,73.328125,9.78
4694,73.34375,10.87
4695,73.359375,11.64
4696,73.375,12.12
4697,73.390625,12.38
4698,73.40625,12.38
4699,73.421875,12.08
4700,73.4375,11.51
4701,73.453125,10.79
4702,73.46875,10.09
4703,73.484375,9.54
4704,73.5,9.12
4705,73.515625,8.57
4706,73.53125,7.56
4707,73.546875,5.83
4708,73.5625,3.34
4709,73.578125,0.35
4710,73.59375,-2.7
4711,73.609375,-5.41
4712,73.625,-7.57
4713,73.640625,-9.21
4714,73.65625,-10.67
4715,73.671875,-12.36
4716,73.6875,-14.67
4717,73.703125,-17.83
4718,73.71875,-21.69
4719,73.734375,-25.77
4720,73.75,-29.25
4721,73.765625,-31.16
4722,73.78125,-30.7
4723,73.796875,-27.57
4724,73.8125,-22.1
4725,73.828125,-15.23
4726,73.84375,-8.21
4727,73.859375,-2.11
4728,73.875,2.49
4729,73.890625,5.62
4730,73.90625,7.7
4731,73.921875,9.35
4732,73.9375,11.01
4733,73.953125,12.88
4734,73.96875,14.91
4735,73.984375,16.86
4736,74.0,18.51
4737,74.015625,19.63
4738,74.03125,20.11
4739,74.046875,19.9
4740,74.0625,19.09
4741,74.078125,17.83
4742,74.09375,16.36
4743,74.109375,14.93
4744,74.125,13.69
4745,74.140625,12.69
4746,74.15625,11.88
4747,74.171875,11.1
4748,74.1875,10.2
4749,74.203125,9.02
4750,74.21875,7.48
4751,74.234375,5.53
4752,74.25,3.23
4753,74.265625,0.72
4754,74.28125,-1.81
4755,74.296875,-4.16
4756,74.3125,-6.32
4757,74.328125,-8.38
4758,74.34375,-10.64
4759,74.359375,-13.41
4760,74.375,-16.96
4761,74.390625,-21.33
4762,74.40625,-26.27
4763,74.421875,-31.21
4764,74.4375,-35.29
4765,74.453125,-37.6
4766,74.46875,-37.39
4767,74.484375,-34.36
4768,74.5,-28.83
4769,74.515625,-21.67
4770,74.53125,-14.08
4771,74.546875,-7.16
4772,74.5625,-1.63
4773,74.578125,2.37
4774,74.59375,5.13
4775,74.609375,7.14
4776,74.625,8.87
4777,74.640625,10.54
4778,74.65625,12.16
4779,74.671875,13.59
4780,74.6875,14.69
4781,74.703125,15.33
4782,74.71875,15.52
4783,74.734375,15.27
4784,74.75,14.62
4785,74.765625,13.64
4786,74.78125,12.37
4787,74.796875,10.93
4788,74.8125,9.56
4789,74.828125,8.5
4790,74.84375,7.88
4791,74.859375,7.68
4792,74.875,7.57
4793,74.890625,7.09
4794,74.90625,5.85
4795,74.921875,3.71
4796,74.9375,0.91
4797,74.953125,-2.06
4798,74.96875,-4.73
4799,74.984375,-6.84
4800,75.0,-8.41
4801,75.015625,-9.79
4802,75.03125,-11.39
4803,75.046875,-13.57
4804,75.0625,-16.44
4805,75.078125,-19.81
4806,75.09375,-23.19
4807,75.109375,-25.85
4808,75.125,-26.98
4809,75.140625,-25.95
4810,75.15625,-22.55
4811,75.171875,-17.1
4812,75.1875,-10.42
4813,75.203125,-3.56
4814,75.21875,2.54
4815,75.234375,7.28
4816,75.25,10.5
4817,75.265625,12.49
4818,75.28125,13.75
4819,75.296875,14.75
4820,75.3125,15.82
4821,75.328125,17.03
4822,75.34375,18.27
4823,75.359375,19.24
4824,75.375,19.71
4825,75.390625,19.57
4826,75.40625,18.88
4827,75.421875,17.89
4828,75.4375,16.87
4829,75.453125,16.05
4830,75.46875,15.41
4831,75.484375,14.76
4832,75.5,13.82
4833,75.515625,12.34
4834,75.53125,10.25
4835,75.546875,7.67
4836,75.5625,4.82
4837,75.578125,1.96
4838,75.59375,-0.81
4839,75.609375,-3.49
4840,75.625,-6.18
4841,75.640625,-8.98
4842,75.65625,-11.96
4843,75.671875,-15.16
4844,75.6875,-18.63
4845,75.703125,-22.41
4846,75.71875,-26.43
4847,75.734375,-30.4
4848,75.75,-33.72
4849,75.765625,-35.55
4850,75.78125,-35.16
4851,75.796875,-32.19
4852,75.8125,-26.88
4853,75.828125,-20.11
4854,75.84375,-13.03
4855,75.859375,-6.69
4856,75.875,-1.67
4857,75.890625,1.96
4858,75.90625,4.6
4859,75.921875,6.75
4860,75.9375,8.77
4861,75.953125,10.78
4862,75.96875,12.71
4863,75.984375,14.38
4864,76.0,15.68
4865,76.015625,16.61
4866,76.03125,17.17
4867,76.046875,17.4
4868,76.0625,17.29
4869,76.078125,16.81
4870,76.09375,15.96
4871,76.109375,14.86
4872,76.125,13.68
4873,76.140625,12.59
4874,76.15625,11.63
4875,76.171875,10.71
4876,76.1875,9.71
4877,76.203125,8.45
4878,76.21875,6.85
4879,76.234375,4.91
4880,76.25,2.66
4881,76.265625,0.2
4882,76.28125,-2.34
4883,76.296875,-4.83
4884,76.3125,-7.12
4885,76.328125,-9.18
4886,76.34375,-11.2
4887,76.359375,-13.53
4888,76.375,-16.59
4889,76.390625,-20.61
4890,76.40625,-25.27
4891,76.421875,-29.73
4892,76.4375,-32.81
4893,76.453125,-33.43
4894,76.46875,-31.05
4895,76.484375,-25.97
4896,76.5,-19.16
4897,76.515625,-11.99
4898,76.53125,-5.65
4899,76.546875,-0.87
4900,76.5625,2.26
4901,76.578125,4.17
4902,76.59375,5.49
4903,76.609375,6.84
4904,76.625,8.59
4905,76.640625,10.75
4906,76.65625,13.09
4907,76.671875,15.23
4908,76.6875,16.85
4909,76.703125,17.86
4910,76.71875,18.36
4911,76.734375,18.64
4912,76.75,18.9
4913,76.765625,19.21
4914,76.78125,19.5
4915,76.796875,19.6
4916,76.8125,19.42
4917,76.828125,19.05
4918,76.84375,18.64
4919,76.859375,18.29
4920,76.875,18.01
4921,76.890625,17.66
4922,76.90625,17.06
4923,76.921875,16.14
4924,76.9375,14.98
4925,76.953125,13.78
4926,76.96875,12.71
4927,76.984375,11.76
4928,77.0,10.72
4929,77.015625,9.28
4930,77.03125,7.26
4931,77.046875,4.67
4932,77.0625,1.91
4933,77.078125,-0.4
4934,77.09375,-1.61
4935,77.109375,-1.22
4936,77.125,0.88
4937,77.140625,4.32
4938,77.15625,8.34
4939,77.171875,11.9
4940,77.1875,13.99
4941,77.203125,13.95
4942,77.21875,11.6
4943,77.234375,7.33
4944,77.25,1.93
4945,77.265625,-3.64
4946,77.28125,-8.61
4947,77.296875,-12.52
4948,77.3125,-15.32
4949,77.328125,-17.16
4950,77.34375,-18.35
4951,77.359375,-19.08
4952,77.375,-19.53
4953,77.390625,-19.85
4954,77.40625,-20.19
4955,77.421875,-20.68
4956,77.4375,-21.32
4957,77.453125,-21.96
4958,77.46875,-22.32
4959,77.484375,-22.17
4960,77.5,-21.48
4961,77.515625,-20.5
4962,77.53125,-19.67
4963,77.546875,-19.4
4964,77.5625,-19.88
4965,77.578125,-20.98
4966,77.59375,-22.32
4967,77.609375,-23.51
4968,77.625,-24.32
4969,77.640625,-24.73
4970,77.65625,-24.94
4971,77.671875,-25.2
4972,77.6875,-25.77
4973,77.703125,-26.84
4974,77.71875,-28.47
4975,77.734375,-30.52
4976,77.75,-32.54
4977,77.765625,-33.82
4978,77.78125,-33.52
4979,77.796875,-31.0
4980,77.8125,-26.14
4981,77.828125,-19.47
4982,77.84375,-12.05
4983,77.859375,-5.02
4984,77.875,0.75
4985,77.890625,5.03
4986,77.90625,8.06
4987,77.921875,10.44
4988,77.9375,12.69
4989,77.953125,15.11
4990,77.96875,17.66
4991,77.984375,20.05
4992,78.0,21.99
4993,78.015625,23.22
4994,78.03125,23.65
4995,78.046875,23.39
4996,78.0625,22.68
4997,78.078125,21.81
4998,78.09375,21.05
4999,78.109375,20.46
5000,78.125,19.92
5001,78.140625,19.13
5002,78.15625,17.8
5003,78.171875,15.79
5004,78.1875,13.25
5005,78.203125,10.38
5006,78.21875,7.39
5007,78.234375,4.4
5008,78.25,1.36
5009,78.265625,-1.81
5010,78.28125,-5.12
5011,78.296875,-8.43
5012,78.3125,-11.64
5013,78.328125,-14.73
5014,78.34375,-17.9
5015,78.359375,-21.36
5016,78.375,-25.11
5017,78.390625,-28.68
5018,78.40625,-31.28
5019,78.421875,-31.93
5020,78.4375,-29.97
5021,78.453125,-25.37
5022,78.46875,-18.8
5023,78.484375,-11.4
5024,78.5,-4.37
5025,78.515625,1.46
5026,78.53125,5.79
5027,78.546875,8.81
5028,78.5625,11.01
5029,78.578125,12.91
5030,78.59375,14.89
5031,78.609375,17.1
5032,78.625,19.45
5033,78.640625,21.71
5034,78.65625,23.62
5035,78.671875,24.98
5036,78.6875,25.73
5037,78.703125,25.89
5038,78.71875,25.53
5039,78.734375,24.68
5040,78.75,23.38
5041,78.765625,21.71
5042,78.78125,19.86
5043,78.796875,18.14
5044,78.8125,16.82
5045,78.828125,16.01
5046,78.84375,15.51
5047,78.859375,14.88
5048,78.875,13.55
5049,78.890625,11.12
5050,78.90625,7.6
5051,78.921875,3.39
5052,78.9375,-0.84
5053,78.953125,-4.5
5054,78.96875,-7.31
5055,78.984375,-9.39
5056,79.0,-11.28
5057,79.015625,-13.67
5058,79.03125,-17.17
5059,79.046875,-21.98
5060,79.0625,-27.78
5061,79.078125,-33.67
5062,79.09375,-38.39
5063,79.109375,-40.71
5064,79.125,-39.81
5065,79.140625,-35.7
5066,79.15625,-29.14
5067,79.171875,-21.48
5068,79.1875,-14.04
5069,79.203125,-7.79
5070,79.21875,-2.98
5071,79.234375,0.68
5072,79.25,3.77
5073,79.265625,6.84
5074,79.28125,10.19
5075,79.296875,13.8
5076,79.3125,17.4
5077,79.328125,20.61
5078,79.34375,23.08
5079,79.359375,24.59
5080,79.375,25.26
5081,79.390625,25.53
5082,79.40625,26.1
5083,79.421875,27.61
5084,79.4375,30.31
5085,79.453125,33.78
5086,79.46875,36.91
5087,79.484375,38.34
5088,79.5,36.9
5089,79.515625,32.13
5090,79.53125,24.39
5091,79.546875,14.63
5092,79.5625,3.95
5093,79.578125,-6.8
5094,79.59375,-17.16
5095,79.609375,-26.9
5096,79.625,-35.71
5097,79.640625,-43.12
5098,79.65625,-48.44
5099,79.671875,-51.17
5100,79.6875,-51.22
5101,79.703125,-49.06
5102,79.71875,-45.55
5103,79.734375,-41.7
5104,79.75,-38.4
5105,79.765625,-36.19
5106,79.78125,-35.16
5107,79.796875,-34.95
5108,79.8125,-34.81
5109,79.828125,-33.73
5110,79.84375,-30.76
5111,79.859375,-25.35
5112,79.875,-17.62
5113,79.890625,-8.37
5114,79.90625,1.2
5115,79.921875,9.91
5116,79.9375,17.01
5117,79.953125,22.33
5118,79.96875,26.19
5119,79.984375,29.02
5120,80.0,31.23
5121,80.015625,32.93
5122,80.03125,34.07
5123,80.046875,34.61
5124,80.0625,34.57
5125,80.078125,34.13
5126,80.09375,33.54
5127,80.109375,33.01
5128,80.125,32.55
5129,80.140625,32.0
5130,80.15625,31.04
5131,80.171875,29.41
5132,80.1875,27.06
5133,80.203125,24.23
5134,80.21875,21.33
5135,80.234375,18.76
5136,80.25,16.71
5137,80.265625,15.04
5138,80.28125,13.32
5139,80.296875,11.07
5140,80.3125,7.92
5141,80.328125,3.79
5142,80.34375,-1.15
5143,80.359375,-6.52
5144,80.375,-11.92
5145,80.390625,-17.04
5146,80.40625,-21.72
5147,80.421875,-26.03
5148,80.4375,-30.12
5149,80.453125,-34.3
5150,80.46875,-38.9
5151,80.484375,-44.25
5152,80.5,-50.6
5153,80.515625,-57.9
5154,80.53125,-65.71
5155,80.546875,-72.99
5156,80.5625,-78.26
5157,80.578125,-79.83
5158,80.59375,-76.45
5159,80.609375,-67.82
5160,80.625,-54.8
5161,80.640625,-39.22
5162,80.65625,-23.25
5163,80.671875,-8.67
5164,80.6875,3.62
5165,80.703125,13.69
5166,80.71875,22.15
5167,80.734375,29.76
5168,80.75,36.96
5169,80.765625,43.79
5170,80.78125,50.03
5171,80.796875,55.42
5172,80.8125,59.79
5173,80.828125,63.17
5174,80.84375,65.66
5175,80.859375,67.35
5176,80.875,68.24
5177,80.890625,68.3
5178,80.90625,67.48
5179,80.921875,65.78
5180,80.9375,63.32
5181,80.953125,60.29
5182,80.96875,56.9
5183,80.984375,53.23
5184,81.0,49.17
5185,81.015625,44.47
5186,81.03125,38.89
5187,81.046875,32.4
5188,81.0625,25.28
5189,81.078125,18.13
5190,81.09375,11.58
5191,81.109375,6.14
5192,81.125,1.87
5193,81.140625,-1.6
5194,81.15625,-4.86
5195,81.171875,-8.53
5196,81.1875,-13.04
5197,81.203125,-18.4
5198,81.21875,-24.27
5199,81.234375,-29.97
5200,81.25,-34.59
5201,81.265625,-37.19
5202,81.28125,-37.03
5203,81.296875,-33.75
5204,81.3125,-27.55
5205,81.328125,-19.17
5206,81.34375,-9.72
5207,81.359375,-0.37
5208,81.375,7.94
5209,81.390625,14.66
5210,81.40625,19.78
5211,81.421875,23.62
5212,81.4375,26.73
5213,81.453125,29.64
5214,81.46875,32.76
5215,81.484375,36.27
5216,81.5,40.16
5217,81.515625,44.3
5218,81.53125,48.57
5219,81.546875,52.8
5220,81.5625,56.77
5221,81.578125,60.24
5222,81.59375,62.91
5223,81.609375,64.61
5224,81.625,65.46
5225,81.640625,65.83
5226,81.65625,66.2
5227,81.671875,66.83
5228,81.6875,67.43
5229,81.703125,67.08
5230,81.71875,64.43
5231,81.734375,58.23
5232,81.75,47.88
5233,81.765625,33.81
5234,81.78125,17.36
5235,81.796875,0.29
5236,81.8125,-15.78
5237,81.828125,-29.84
5238,81.84375,-41.74
5239,81.859375,-51.98
5240,81.875,-61.38
5241,81.890625,-70.71
5242,81.90625,-80.4
5243,81.921875,-90.32
5244,81.9375,-99.77
5245,81.953125,-107.52
5246,81.96875,-112.13
5247,81.984375,-112.37
5248,82.0,-107.71
5249,82.015625,-98.7
5250,82.03125,-86.91
5251,82.046875,-74.61
5252,82.0625,-63.97
5253,82.078125,-56.54
5254,82.09375,-52.81
5255,82.109375,-52.3
5256,82.125,-53.79
5257,82.140625,-55.82
5258,82.15625,-57.02
5259,82.171875,-56.44
5260,82.1875,-53.7
5261,82.203125,-48.95
5262,82.21875,-42.9
5263,82.234375,-36.51
5264,82.25,-30.72
5265,82.265625,-26.21
5266,82.28125,-23.1
5267,82.296875,-21.01
5268,82.3125,-19.15
5269,82.328125,-16.63
5270,82.34375,-12.71
5271,82.359375,-7.18
5272,82.375,-0.42
5273,82.390625,6.69
5274,82.40625,12.98
5275,82.421875,17.37
5276,82.4375,19.19
5277,82.453125,18.39
5278,82.46875,15.39
5279,82.484375,10.92
5280,82.5,5.63
5281,82.515625,-0.03
5282,82.53125,-5.93
5283,82.546875,-12.18
5284,82.5625,-18.94
5285,82.578125,-26.3
5286,82.59375,-34.03
5287,82.609375,-41.49
5288,82.625,-47.61
5289,82.640625,-51.09
5290,82.65625,-50.75
5291,82.671875,-45.95
5292,82.6875,-36.91
5293,82.703125,-24.73
5294,82.71875,-11.17
5295,82.734375,1.93
5296,82.75,13.12
5297,82.765625,21.75
5298,82.78125,27.95
5299,82.796875,32.42
5300,82.8125,36.03
5301,82.828125,39.46
5302,82.84375,43.07
5303,82.859375,46.79
5304,82.875,50.38
5305,82.890625,53.51
5306,82.90625,56.0
5307,82.921875,57.82
5308,82.9375,59.13
5309,82.953125,60.2
5310,82.96875,61.29
5311,82.984375,62.54
5312,83.0,63.92
5313,83.015625,65.2
5314,83.03125,66.04
5315,83.046875,66.02
5316,83.0625,64.77
5317,83.078125,62.05
5318,83.09375,57.68
5319,83.109375,51.57
5320,83.125,43.75
5321,83.140625,34.41
5322,83.15625,23.94
5323,83.171875,12.85
5324,83.1875,1.55
5325,83.203125,-9.78
5326,83.21875,-21.25
5327,83.234375,-32.99
5328,83.25,-44.86
5329,83.265625,-56.07
5330,83.28125,-65.23
5331,83.296875,-70.86
5332,83.3125,-72.02
5333,83.328125,-68.81
5334,83.34375,-62.43
5335,83.359375,-54.75
5336,83.375,-47.55
5337,83.390625,-41.95
5338,83.40625,-38.14
5339,83.421875,-35.59
5340,83.4375,-33.54
5341,83.453125,-31.33
5342,83.46875,-28.63
5343,83.484375,-25.45
5344,83.5,-22.09
5345,83.515625,-18.89
5346,83.53125,-16.19
5347,83.546875,-14.05
5348,83.5625,-12.32
5349,83.578125,-10.69
5350,83.59375,-8.86
5351,83.609375,-6.78
5352,83.625,-4.8
5353,83.640625,-3.5
5354,83.65625,-3.46
5355,83.671875,-4.99
5356,83.6875,-7.98
5357,83.703125,-12.01
5358,83.71875,-16.62
5359,83.734375,-21.47
5360,83.75,-26.37
5361,83.765625,-31.26
5362,83.78125,-36.18
5363,83.796875,-41.2
5364,83.8125,-46.53
5365,83.828125,-52.44
5366,83.84375,-59.17
5367,83.859375,-66.62
5368,83.875,-74.12
5369,83.890625,-80.37
5370,83.90625,-83.76
5371,83.921875,-82.93
5372,83.9375,-77.39
5373,83.953125,-67.92
5374,83.96875,-56.39
5375,83.984375,-45.19
5376,84.0,-36.35
5377,84.015625,-30.87
5378,84.03125,-28.59
5379,84.046875,-28.52
5380,84.0625,-29.34
5381,84.078125,-30.15
5382,84.09375,-30.65
5383,84.109375,-31.14
5384,84.125,-32.23
5385,84.140625,-34.62
5386,84.15625,-38.89
5387,84.171875,-45.41
5388,84.1875,-54.05
5389,84.203125,-63.92
5390,84.21875,-73.22
5391,84.234375,-79.61
5392,84.25,-80.87
5393,84.265625,-75.8
5394,84.28125,-64.85
5395,84.296875,-49.89
5396,84.3125,-33.64
5397,84.328125,-18.54
5398,84.34375,-5.98
5399,84.359375,3.82
5400,84.375,11.27
5401,84.390625,16.58
5402,84.40625,19.2
5403,84.421875,17.68
5404,84.4375,10.28
5405,84.453125,-4.37
5406,84.46875,-26.68
5407,84.484375,-55.88
5408,84.5,-90.13
5409,84.515625,-126.71
5410,84.53125,-162.3
5411,84.546875,-193.3
5412,84.5625,-216.25
5413,84.578125,-228.45
5414,84.59375,-228.61
5415,84.609375,-217.21
5416,84.625,-196.31
5417,84.640625,-169.04
5418,84.65625,-138.6
5419,84.671875,-107.57
5420,84.6875,-77.45
5421,84.703125,-48.8
5422,84.71875,-21.61
5423,84.734375,4.22
5424,84.75,28.74
5425,84.765625,51.88
5426,84.78125,73.55
5427,84.796875,93.91
5428,84.8125,113.49
5429,84.828125,133.23
5430,84.84375,154.3
5431,84.859375,177.8
5432,84.875,204.28
5433,84.890625,233.37
5434,84.90625,263.68
5435,84.921875,293.04
5436,84.9375,319.05
5437,84.953125,339.78
5438,84.96875,354.26
5439,84.984375,362.65
5440,85.0,366.2
5441,85.015625,367.17
5442,85.03125,368.48
5443,85.046875,373.06
5444,85.0625,382.61
5445,85.078125,396.25
5446,85.09375,409.94
5447,85.109375,417.17
5448,85.125,411.08
5449,85.140625,387.08
5450,85.15625,344.94
5451,85.171875,288.88
5452,85.1875,225.87
5453,85.203125,163.0
5454,85.21875,105.32
5455,85.234375,55.11
5456,85.25,12.64
5457,85.265625,-22.37
5458,85.28125,-49.72
5459,85.296875,-68.77
5460,85.3125,-79.29
5461,85.328125,-82.29
5462,85.34375,-80.34
5463,85.359375,-76.78
5464,85.375,-74.63
5465,85.390625,-75.55
5466,85.40625,-79.26
5467,85.421875,-83.87
5468,85.4375,-86.86
5469,85.453125,-86.26
5470,85.46875,-81.44
5471,85.484375,-73.15
5472,85.5,-62.9
5473,85.515625,-51.97
5474,85.53125,-40.62
5475,85.546875,-27.95
5476,85.5625,-12.45
5477,85.578125,7.09
5478,85.59375,30.82
5479,85.609375,57.7
5480,85.625,85.87
5481,85.640625,113.5
5482,85.65625,139.32
5483,85.671875,162.98
5484,85.6875,184.55
5485,85.703125,204.08
5486,85.71875,221.09
5487,85.734375,234.64
5488,85.75,243.54
5489,85.765625,246.71
5490,85.78125,243.33
5491,85.796875,232.77
5492,85.8125,214.5
5493,85.828125,188.22
5494,85.84375,154.22
5495,85.859375,113.77
5496,85.875,69.25
5497,85.890625,23.7
5498,85.90625,-20.02
5499,85.921875,-60.11
5500,85.9375,-96.21
5501,85.953125,-129.22
5502,85.96875,-160.66
5503,85.984375,-191.96
5504,86.0,-223.99
5505,86.015625,-257.0
5506,86.03125,-290.65
5507,86.046875,-324.07
5508,86.0625,-355.92
5509,86.078125,-384.38
5510,86.09375,-407.48
5511,86.109375,-423.6
5512,86.125,-432.02
5513,86.140625,-433.15
5514,86.15625,-428.38
5515,86.171875,-419.65
5516,86.1875,-408.92
5517,86.203125,-398.13
5518,86.21875,-389.28
5519,86.234375,-384.48
5520,86.25,-385.29
5521,86.265625,-391.9
5522,86.28125,-402.25
5523,86.296875,-411.99
5524,86.3125,-415.65
5525,86.328125,-408.43
5526,86.34375,-387.86
5527,86.359375,-354.34
5528,86.375,-310.5
5529,86.390625,-259.74
5530,86.40625,-205.11
5531,86.421875,-148.97
5532,86.4375,-93.68
5533,86.453125,-42.24
5534,86.46875,1.95
5535,86.484375,36.19
5536,86.5,60.17
5537,86.515625,76.75
5538,86.53125,91.3
5539,86.546875,109.78
5540,86.5625,136.33
5541,86.578125,171.74
5542,86.59375,213.33
5543,86.609375,256.19
5544,86.625,295.12
5545,86.640625,326.29
5546,86.65625,347.85
5547,86.671875,359.75
5548,86.6875,362.92
5549,86.703125,358.52
5550,86.71875,347.35
5551,86.734375,329.66
5552,86.75,305.2
5553,86.765625,273.64
5554,86.78125,235.12
5555,86.796875,190.96
5556,86.8125,144.07
5557,86.828125,98.47
5558,86.84375,58.25
5559,86.859375,26.2
5560,86.875,2.86
5561,86.890625,-13.38
5562,86.90625,-25.17
5563,86.921875,-34.72
5564,86.9375,-42.65
5565,86.953125,-48.1
5566,86.96875,-49.62
5567,86.984375,-46.54
5568,87.0,-39.59
5569,87.015625,-30.54
5570,87.03125,-21.07
5571,87.046875,-11.87
5572,87.0625,-2.37
5573,87.078125,8.56
5574,87.09375,21.49
5575,87.109375,35.61
5576,87.125,48.84
5577,87.140625,58.83
5578,87.15625,64.15
5579,87.171875,65.06
5580,87.1875,63.4
5581,87.203125,61.56
5582,87.21875,61.35
5583,87.234375,63.2
5584,87.25,66.01
5585,87.265625,67.87
5586,87.28125,66.95
5587,87.296875,62.31
5588,87.3125,54.04
5589,87.328125,43.0
5590,87.34375,30.21
5591,87.359375,16.52
5592,87.375,2.6
5593,87.390625,-10.91
5594,87.40625,-23.12
5595,87.421875,-33.07
5596,87.4375,-40.08
5597,87.453125,-44.28
5598,87.46875,-46.8
5599,87.484375,-49.42
5600,87.5,-53.83
5601,87.515625,-60.86
5602,87.53125,-69.93
5603,87.546875,-79.22
5604,87.5625,-86.31
5605,87.578125,-89.03
5606,87.59375,-86.26
5607,87.609375,-78.31
5608,87.625,-66.79
5609,87.640625,-54.11
5610,87.65625,-42.63
5611,87.671875,-33.84
5612,87.6875,-27.85
5613,87.703125,-23.55
5614,87.71875,-19.45
5615,87.734375,-14.6
5616,87.75,-9.33
5617,87.765625,-5.09
5618,87.78125,-3.62
5619,87.796875,-5.92
5620,87.8125,-11.68
5621,87.828125,-19.35
5622,87.84375,-26.68
5623,87.859375,-31.42
5624,87.875,-31.65
5625,87.890625,-26.01
5626,87.90625,-14.09
5627,87.921875,3.21
5628,87.9375,23.54
5629,87.953125,43.62
5630,87.96875,60.39
5631,87.984375,72.52
5632,88.0,81.26
5633,88.015625,89.9
5634,88.03125,102.17
5635,88.046875,120.24
5636,88.0625,143.53
5637,88.078125,169.07
5638,88.09375,193.03
5639,88.109375,212.83
5640,88.125,228.32
5641,88.140625,241.44
5642,88.15625,254.68
5643,88.171875,269.19
5644,88.1875,283.78
5645,88.203125,295.25
5646,88.21875,299.92
5647,88.234375,295.48
5648,88.25,282.12
5649,88.265625,262.3
5650,88.28125,239.27
5651,88.296875,215.33
5652,88.3125,190.63
5653,88.328125,163.36
5654,88.34375,131.11
5655,88.359375,92.51
5656,88.375,48.35
5657,88.390625,1.62
5658,88.40625,-43.53
5659,88.421875,-83.4
5660,88.4375,-115.84
5661,88.453125,-140.92
5662,88.46875,-160.75
5663,88.484375,-178.79
5664,88.5,-198.95
5665,88.515625,-224.79
5666,88.53125,-259.06
5667,88.546875,-302.88
5668,88.5625,-354.84
5669,88.578125,-410.26
5670,88.59375,-461.16
5671,88.609375,-497.47
5672,88.625,-509.49
5673,88.640625,-491.06
5674,88.65625,-442.19
5675,88.671875,-370.04
5676,88.6875,-287.16
5677,88.703125,-207.7
5678,88.71875,-142.83
5679,88.734375,-97.65
5680,88.75,-70.8
5681,88.765625,-56.85
5682,88.78125,-49.87
5683,88.796875,-46.22
5684,88.8125,-45.13
5685,88.828125,-47.02
5686,88.84375,-51.3
5687,88.859375,-55.05
5688,88.875,-53.67
5689,88.890625,-43.0
5690,88.90625,-21.6
5691,88.921875,8.31
5692,88.9375,41.88
5693,88.953125,73.77
5694,88.96875,100.19
5695,88.984375,119.69
5696,89.0,132.63
5697,89.015625,140.34
5698,89.03125,144.01
5699,89.046875,144.4
5700,89.0625,142.01
5701,89.078125,137.48
5702,89.09375,131.87
5703,89.109375,126.66
5704,89.125,123.49
5705,89.140625,123.69
5706,89.15625,127.7
5707,89.171875,134.67
5708,89.1875,142.57
5709,89.203125,148.71
5710,89.21875,150.65
5711,89.234375,147.12
5712,89.25,138.49
5713,89.265625,126.57
5714,89.28125,113.84
5715,89.296875,102.5
5716,89.3125,93.71
5717,89.328125,87.54
5718,89.34375,83.32
5719,89.359375,80.35
5720,89.375,78.33
5721,89.390625,77.5
5722,89.40625,78.32
5723,89.421875,81.03
5724,89.4375,85.45
5725,89.453125,91.02
5726,89.46875,97.15
5727,89.484375,103.49
5728,89.5,109.99
5729,89.515625,116.81
5730,89.53125,123.9
5731,89.546875,130.9
5732,89.5625,137.09
5733,89.578125,141.66
5734,89.59375,144.07
5735,89.609375,144.18
5736,89.625,142.29
5737,89.640625,138.79
5738,89.65625,133.98
5739,89.671875,127.95
5740,89.6875,120.67
5741,89.703125,112.24
5742,89.71875,103.0
5743,89.734375,93.5
5744,89.75,84.28
5745,89.765625,75.63
5746,89.78125,67.45
5747,89.796875,59.41
5748,89.8125,51.03
5749,89.828125,41.97
5750,89.84375,31.99
5751,89.859375,20.91
5752,89.875,8.58
5753,89.890625,-5.13
5754,89.90625,-20.25
5755,89.921875,-36.64
5756,89.9375,-53.82
5757,89.953125,-71.03
5758,89.96875,-87.26
5759,89.984375,-101.36
5760,90.0,-112.27
5761,90.015625,-119.12
5762,90.03125,-121.55
5763,90.046875,-119.8
5764,90.0625,-114.66
5765,90.078125,-107.28
5766,90.09375,-98.86
5767,90.109375,-90.31
5768,90.125,-82.1
5769,90.140625,-74.35
5770,90.15625,-66.9
5771,90.171875,-59.57
5772,90.1875,-52.31
5773,90.203125,-45.21
5774,90.21875,-38.51
5775,90.234375,-32.5
5776,90.25,-27.46
5777,90.265625,-23.53
5778,90.28125,-20.76
5779,90.296875,-19.01
5780,90.3125,-18.11
5781,90.328125,-17.86
5782,90.34375,-18.07
5783,90.359375,-18.6
5784,90.375,-19.3
5785,90.390625,-20.07
5786,90.40625,-20.79
5787,90.421875,-21.46
5788,90.4375,-22.17
5789,90.453125,-23.06
5790,90.46875,-24.3
5791,90.484375,-26.0
5792,90.5,-28.13
5793,90.515625,-30.56
5794,90.53125,-33.07
5795,90.546875,-35.47
5796,90.5625,-37.65
5797,90.578125,-39.65
5798,90.59375,-41.64
5799,90.609375,-43.78
5800,90.625,-46.1
5801,90.640625,-48.35
5802,90.65625,-50.0
5803,90.671875,-50.35
5804,90.6875,-48.78
5805,90.703125,-44.95
5806,90.71875,-38.99
5807,90.734375,-31.35
5808,90.75,-22.62
5809,90.765625,-13.36
5810,90.78125,-3.99
5811,90.796875,5.1
5812,90.8125,13.42
5813,90.828125,20.27
5814,90.84375,24.84
5815,90.859375,26.35
5816,90.875,24.31
5817,90.890625,18.66
5818,90.90625,9.83
5819,90.921875,-1.5
5820,90.9375,-14.46
5821,90.953125,-28.19
5822,90.96875,-41.94
5823,90.984375,-55.02
5824,91.0,-66.86
5825,91.015625,-77.03
5826,91.03125,-85.36
5827,91.046875,-91.93
5828,91.0625,-97.14
5829,91.078125,-101.53
5830,91.09375,-105.53
5831,91.109375,-109.24
5832,91.125,-112.41
5833,91.140625,-114.51
5834,91.15625,-114.94
5835,91.171875,-113.39
5836,91.1875,-110.0
5837,91.203125,-105.39
5838,91.21875,-100.55
5839,91.234375,-96.41
5840,91.25,-93.65
5841,91.265625,-92.38
5842,91.28125,-92.12
5843,91.296875,-91.87
5844,91.3125,-90.31
5845,91.328125,-86.12
5846,91.34375,-78.33
5847,91.359375,-66.59
5848,91.375,-51.24
5849,91.390625,-33.31
5850,91.40625,-14.14
5851,91.421875,4.76
5852,91.4375,22.17
5853,91.453125,37.28
5854,91.46875,49.76
5855,91.484375,59.59
5856,91.5,66.94
5857,91.515625,72.0
5858,91.53125,74.93
5859,91.546875,75.99
5860,91.5625,75.55
5861,91.578125,74.13
5862,91.59375,72.31
5863,91.609375,70.53
5864,91.625,68.95
5865,91.640625,67.44
5866,91.65625,65.7
5867,91.671875,63.47
5868,91.6875,60.73
5869,91.703125,57.69
5870,91.71875,54.68
5871,91.734375,51.89
5872,91.75,49.23
5873,91.765625,46.33
5874,91.78125,42.68
5875,91.796875,37.92
5876,91.8125,31.93
5877,91.828125,24.92
5878,91.84375,17.28
5879,91.859375,9.47
5880,91.875,1.84
5881,91.890625,-5.22
5882,91.90625,-11.25
5883,91.921875,-15.65
5884,91.9375,-17.73
5885,91.953125,-17.0
5886,91.96875,-13.43
5887,91.984375,-7.57
5888,92.0,-0.53
5889,92.015625,6.41
5890,92.03125,12.16
5891,92.046875,16.17
5892,92.0625,18.45
5893,92.078125,19.47
5894,92.09375,19.81
5895,92.109375,19.92
5896,92.125,19.98
5897,92.140625,20.03
5898,92.15625,20.03
5899,92.171875,20.0
5900,92.1875,20.07
5901,92.203125,20.38
5902,92.21875,21.0
5903,92.234375,21.84
5904,92.25,22.65
5905,92.265625,23.12
5906,92.28125,23.0
5907,92.296875,22.19
5908,92.3125,20.76
5909,92.328125,18.85
5910,92.34375,16.62
5911,92.359375,14.14
5912,92.375,11.38
5913,92.390625,8.29
5914,92.40625,4.83
5915,92.421875,1.1
5916,92.4375,-2.77
5917,92.453125,-6.62
5918,92.46875,-10.42
5919,92.484375,-14.21
5920,92.5,-18.03
5921,92.515625,-21.79
5922,92.53125,-25.07
5923,92.546875,-27.2
5924,92.5625,-27.47
5925,92.578125,-25.49
5926,92.59375,-21.33
5927,92.609375,-15.6
5928,92.625,-9.21
5929,92.640625,-3.07
5930,92.65625,2.21
5931,92.671875,6.42
5932,92.6875,9.64
5933,92.703125,12.12
5934,92.71875,14.06
5935,92.734375,15.6
5936,92.75,16.82
5937,92.765625,17.7
5938,92.78125,18.24
5939,92.796875,18.42
5940,92.8125,18.2
5941,92.828125,17.6
5942,92.84375,16.69
5943,92.859375,15.58
5944,92.875,14.47
5945,92.890625,13.56
5946,92.90625,12.95
5947,92.921875,12.69
5948,92.9375,12.64
5949,92.953125,12.6
5950,92.96875,12.29
5951,92.984375,11.55
5952,93.0,10.33
5953,93.015625,8.68
5954,93.03125,6.77
5955,93.046875,4.71
5956,93.0625,2.64
5957,93.078125,0.71
5958,93.09375,-0.97
5959,93.109375,-2.32
5960,93.125,-3.31
5961,93.140625,-4.05
5962,93.15625,-4.73
5963,93.171875,-5.41
5964,93.1875,-5.98
5965,93.203125,-6.03
5966,93.21875,-4.97
5967,93.234375,-2.28
5968,93.25,2.27
5969,93.265625,8.47
5970,93.28125,15.77
5971,93.296875,23.41
5972,93.3125,30.65
5973,93.328125,36.92
5974,93.34375,41.95
5975,93.359375,45.69
5976,93.375,48.33
5977,93.390625,50.17
5978,93.40625,51.56
5979,93.421875,52.82
5980,93.4375,54.1
5981,93.453125,55.46
5982,93.46875,56.85
5983,93.484375,58.28
5984,93.5,59.8
5985,93.515625,61.5
5986,93.53125,63.44
5987,93.546875,65.59
5988,93.5625,67.83
5989,93.578125,70.0
5990,93.59375,71.99
5991,93.609375,73.7
5992,93.625,75.14
5993,93.640625,76.33
5994,93.65625,77.33
5995,93.671875,78.21
5996,93.6875,79.08
5997,93.703125,80.03
5998,93.71875,81.16
5999,93.734375,82.61
6000,93.75,84.4
6001,93.765625,86.52
6002,93.78125,88.76
6003,93.796875,90.76
6004,93.8125,92.08
6005,93.828125,92.35
6006,93.84375,91.56
6007,93.859375,90.22
6008,93.875,89.29
6009,93.890625,89.92
6010,93.90625,93.11
6011,93.921875,99.28
6012,93.9375,108.18
6013,93.953125,119.05
6014,93.96875,130.78
6015,93.984375,142.31
6016,94.0,152.58
6017,94.015625,160.65
6018,94.03125,165.82
6019,94.046875,167.7
6020,94.0625,166.39
6021,94.078125,162.38
6022,94.09375,156.26
6023,94.109375,148.24
6024,94.125,137.9
6025,94.140625,124.26
6026,94.15625,106.36
6027,94.171875,83.91
6028,94.1875,57.7
6029,94.203125,29.54
6030,94.21875,1.54
6031,94.234375,-24.61
6032,94.25,-48.23
6033,94.265625,-69.62
6034,94.28125,-89.6
6035,94.296875,-108.78
6036,94.3125,-127.11
6037,94.328125,-143.79
6038,94.34375,-157.67
6039,94.359375,-167.78
6040,94.375,-173.98
6041,94.390625,-177.34
6042,94.40625,-180.02
6043,94.421875,-184.89
6044,94.4375,-194.76
6045,94.453125,-211.35
6046,94.46875,-234.52
6047,94.484375,-261.59
6048,94.5,-287.56
6049,94.515625,-305.94
6050,94.53125,-310.37
6051,94.546875,-296.55
6052,94.5625,-264.19
6053,94.578125,-218.05
6054,94.59375,-167.5
6055,94.609375,-124.49
6056,94.625,-100.28
6057,94.640625,-102.1
6058,94.65625,-130.92
6059,94.671875,-181.47
6060,94.6875,-244.45
6061,94.703125,-309.92
6062,94.71875,-370.18
6063,94.734375,-420.92
6064,94.75,-460.51
6065,94.765625,-488.28
6066,94.78125,-503.28
6067,94.796875,-504.21
6068,94.8125,-490.56
6069,94.828125,-463.78
6070,94.84375,-427.3
6071,94.859375,-385.25
6072,94.875,-340.71
6073,94.890625,-294.94
6074,94.90625,-247.99
6075,94.921875,-200.12
6076,94.9375,-153.03
6077,94.953125,-109.77
6078,94.96875,-73.17
6079,94.984375,-43.96
6080,95.0,-20.01
6081,95.015625,2.74
6082,95.03125,28.02
6083,95.046875,57.16
6084,95.0625,88.32
6085,95.078125,117.43
6086,95.09375,140.19
6087,95.109375,154.24
6088,95.125,160.36
6089,95.140625,162.35
6090,95.15625,165.89
6091,95.171875,176.82
6092,95.1875,199.42
6093,95.203125,235.1
6094,95.21875,281.35
6095,95.234375,331.85
6096,95.25,377.62
6097,95.265625,409.31
6098,95.28125,419.93
6099,95.296875,407.49
6100,95.3125,375.81
6101,95.328125,333.53
6102,95.34375,291.13
6103,95.359375,257.36
6104,95.375,236.68
6105,95.390625,228.71
6106,95.40625,229.62
6107,95.421875,234.57
6108,95.4375,239.85
6109,95.453125,243.54
6110,95.46875,244.95
6111,95.484375,243.62
6112,95.5,238.7
6113,95.515625,229.27
6114,95.53125,214.98
6115,95.546875,196.48
6116,95.5625,175.02
6117,95.578125,151.62
6118,95.59375,126.2
6119,95.609375,97.57
6120,95.625,64.27
6121,95.640625,25.76
6122,95.65625,-16.69
6123,95.671875,-60.08
6124,95.6875,-100.64
6125,95.703125,-135.01
6126,95.71875,-161.17
6127,95.734375,-178.71
6128,95.75,-188.53
6129,95.765625,-192.1
6130,95.78125,-191.07
6131,95.796875,-186.82
6132,95.8125,-180.39
6133,95.828125,-172.42
6134,95.84375,-163.22
6135,95.859375,-152.8
6136,95.875,-140.98
6137,95.890625,-127.67
6138,95.90625,-112.92
6139,95.921875,-97.09
6140,95.9375,-80.69
6141,95.953125,-64.26
6142,95.96875,-48.34
6143,95.984375,-33.39
6144,96.0,-19.8
6145,96.015625,-7.85
6146,96.03125,2.26
6147,96.046875,10.47
6148,96.0625,16.81
6149,96.078125,21.38
6150,96.09375,24.27
6151,96.109375,25.53
6152,96.125,25.26
6153,96.140625,23.61
6154,96.15625,20.82
6155,96.171875,17.12
6156,96.1875,12.7
6157,96.203125,7.66
6158,96.21875,2.0
6159,96.234375,-4.3
6160,96.25,-11.25
6161,96.265625,-18.83
6162,96.28125,-27.04
6163,96.296875,-35.94
6164,96.3125,-45.61
6165,96.328125,-56.0
6166,96.34375,-66.74
6167,96.359375,-76.85
6168,96.375,-84.93
6169,96.390625,-89.28
6170,96.40625,-88.55
6171,96.421875,-82.08
6172,96.4375,-70.42
6173,96.453125,-55.09
6174,96.46875,-38.3
6175,96.484375,-22.21
6176,96.5,-8.39
6177,96.515625,2.42
6178,96.53125,10.3
6179,96.546875,15.77
6180,96.5625,19.42
6181,96.578125,21.76
6182,96.59375,23.14
6183,96.609375,23.88
6184,96.625,24.34
6185,96.640625,24.86
6186,96.65625,25.65
6187,96.671875,26.68
6188,96.6875,27.73
6189,96.703125,28.49
6190,96.71875,28.75
6191,96.734375,28.47
6192,96.75,27.83
6193,96.765625,27.08
6194,96.78125,26.42
6195,96.796875,25.94
6196,96.8125,25.56
6197,96.828125,25.09
6198,96.84375,24.27
6199,96.859375,22.92
6200,96.875,21.0
6201,96.890625,18.58
6202,96.90625,15.82
6203,96.921875,12.91
6204,96.9375,9.81
6205,96.953125,6.31
6206,96.96875,2.07
6207,96.984375,-3.25
6208,97.0,-9.58
6209,97.015625,-16.31
6210,97.03125,-22.27
6211,97.046875,-26.01
6212,97.0625,-26.32
6213,97.078125,-22.74
6214,97.09375,-15.77
6215,97.109375,-6.8
6216,97.125,2.4
6217,97.140625,10.18
6218,97.15625,15.57
6219,97.171875,18.28
6220,97.1875,18.64
6221,97.203125,17.26
6222,97.21875,14.75
6223,97.234375,11.68
6224,97.25,8.43
6225,97.265625,5.25
6226,97.28125,2.16
6227,97.296875,-1.09
6228,97.3125,-4.88
6229,97.328125,-9.58
6230,97.34375,-15.3
6231,97.359375,-21.81
6232,97.375,-28.58
6233,97.390625,-35.03
6234,97.40625,-40.75
6235,97.421875,-45.55
6236,97.4375,-49.44
6237,97.453125,-52.53
6238,97.46875,-54.92
6239,97.484375,-56.82
6240,97.5,-58.6
6241,97.515625,-60.76
6242,97.53125,-63.84
6243,97.546875,-68.18
6244,97.5625,-73.64
6245,97.578125,-79.61
6246,97.59375,-85.01
6247,97.609375,-88.53
6248,97.625,-88.96
6249,97.640625,-85.47
6250,97.65625,-77.89
6251,97.671875,-66.72
6252,97.6875,-53.01
6253,97.703125,-38.0
6254,97.71875,-22.8
6255,97.734375,-8.11
6256,97.75,5.8
6257,97.765625,18.87
6258,97.78125,31.1
6259,97.796875,42.29
6260,97.8125,52.13
6261,97.828125,60.32
6262,97.84375,66.8
6263,97.859375,71.81
6264,97.875,75.81
6265,97.890625,79.36
6266,97.90625,82.86
6267,97.921875,86.44
6268,97.9375,89.78
6269,97.953125,92.18
6270,97.96875,92.69
6271,97.984375,90.34
6272,98.0,84.55
6273,98.015625,75.31
6274,98.03125,63.36
6275,98.046875,49.86
6276,98.0625,36.1
6277,98.078125,22.95
6278,98.09375,10.66
6279,98.109375,-1.06
6280,98.125,-12.74
6281,98.140625,-24.73
6282,98.15625,-36.84
6283,98.171875,-48.3
6284,98.1875,-57.95
6285,98.203125,-64.61
6286,98.21875,-67.53
6287,98.234375,-66.59
6288,98.25,-62.28
6289,98.265625,-55.61
6290,98.28125,-47.66
6291,98.296875,-39.32
6292,98.3125,-31.04
6293,98.328125,-22.8
6294,98.34375,-14.31
6295,98.359375,-5.33
6296,98.375,4.1
6297,98.390625,13.53
6298,98.40625,22.19
6299,98.421875,29.3
6300,98.4375,34.29
6301,98.453125,37.07
6302,98.46875,37.91
6303,98.484375,37.27
6304,98.5,35.55
6305,98.515625,33.01
6306,98.53125,29.81
6307,98.546875,26.09
6308,98.5625,22.24
6309,98.578125,18.77
6310,98.59375,16.21
6311,98.609375,14.88
6312,98.625,14.75
6313,98.640625,15.43
6314,98.65625,16.25
6315,98.671875,16.4
6316,98.6875,15.12
6317,98.703125,11.89
6318,98.71875,6.44
6319,98.734375,-1.13
6320,98.75,-10.33
6321,98.765625,-20.23
6322,98.78125,-29.63
6323,98.796875,-37.27
6324,98.8125,-42.16
6325,98.828125,-43.86
6326,98.84375,-42.6
6327,98.859375,-39.16
6328,98.875,-34.57
6329,98.890625,-29.74
6330,98.90625,-25.18
6331,98.921875,-20.95
6332,98.9375,-16.82
6333,98.953125,-12.47
6334,98.96875,-7.84
6335,98.984375,-3.09
6336,99.0,1.41
6337,99.015625,5.29
6338,99.03125,8.36
6339,99.046875,10.64
6340,99.0625,12.31
6341,99.078125,13.59
6342,99.09375,14.57
6343,99.109375,15.18
6344,99.125,15.29
6345,99.140625,14.77
6346,99.15625,13.65
6347,99.171875,12.07
6348,99.1875,10.23
6349,99.203125,8.34
6350,99.21875,6.45
6351,99.234375,4.47
6352,99.25,2.21
6353,99.265625,-0.55
6354,99.28125,-4.0
6355,99.296875,-8.27
6356,99.3125,-13.46
6357,99.328125,-19.54
6358,99.34375,-26.32
6359,99.359375,-33.33
6360,99.375,-39.76
6361,99.390625,-44.55
6362,99.40625,-46.69
6363,99.421875,-45.57
6364,99.4375,-41.23
6365,99.453125,-34.44
6366,99.46875,-26.44
6367,99.484375,-18.51
6368,99.5,-11.57
6369,99.515625,-5.96
6370,99.53125,-1.58
6371,99.546875,1.94
6372,99.5625,4.94
6373,99.578125,7.6
6374,99.59375,10.04
6375,99.609375,12.31
6376,99.625,14.5
6377,99.640625,16.63
6378,99.65625,18.66
6379,99.671875,20.43
6380,99.6875,21.72
6381,99.703125,22.42
6382,99.71875,22.56
6383,99.734375,22.29
6384,99.75,21.82
6385,99.765625,21.32
6386,99.78125,20.83
6387,99.796875,20.35
6388,99.8125,19.82
6389,99.828125,19.08
6390,99.84375,17.88
6391,99.859375,15.84
6392,99.875,12.49
6393,99.890625,7.4
6394,99.90625,0.47
6395,99.921875,-7.86
6396,99.9375,-16.57
6397,99.953125,-24.24
6398,99.96875,-29.43
6399,99.984375,-31.1
6400,100.0,-29.0
6401,100.015625,-23.67
6402,100.03125,-16.28
6403,100.046875,-8.18
6404,100.0625,-0.52
6405,100.078125,6.06
6406,100.09375,11.39
6407,100.109375,15.64
6408,100.125,19.16
6409,100.140625,22.15
6410,100.15625,24.74
6411,100.171875,26.89
6412,100.1875,28.5
6413,100.203125,29.51
6414,100.21875,29.98
6415,100.234375,30.06
6416,100.25,30.0
6417,100.265625,30.08
6418,100.28125,30.39
6419,100.296875,30.8
6420,100.3125,30.96
6421,100.328125,30.35
6422,100.34375,28.6
6423,100.359375,25.59
6424,100.375,21.58
6425,100.390625,17.1
6426,100.40625,12.69
6427,100.421875,8.65
6428,100.4375,4.97
6429,100.453125,1.31
6430,100.46875,-2.77
6431,100.484375,-7.69
6432,100.5,-13.69
6433,100.515625,-20.76
6434,100.53125,-28.52
6435,100.546875,-36.24
6436,100.5625,-42.79
6437,100.578125,-46.89
6438,100.59375,-47.38
6439,100.609375,-43.77
6440,100.625,-36.35
6441,100.640625,-26.3
6442,100.65625,-15.24
6443,100.671875,-4.77
6444,100.6875,4.03
6445,100.703125,10.83
6446,100.71875,15.91
6447,100.734375,19.91
6448,100.75,23.39
6449,100.765625,26.69
6450,100.78125,29.8
6451,100.796875,32.48
6452,100.8125,34.47
6453,100.828125,35.6
6454,100.84375,35.88
6455,100.859375,35.44
6456,100.875,34.53
6457,100.890625,33.37
6458,100.90625,32.17
6459,100.921875,30.96
6460,100.9375,29.71
6461,100.953125,28.28
6462,100.96875,26.53
6463,100.984375,24.35
6464,101.0,21.76
6465,101.015625,18.83
6466,101.03125,15.69
6467,101.046875,12.46
6468,101.0625,9.17
6469,101.078125,5.79
6470,101.09375,2.15
6471,101.109375,-1.94
6472,101.125,-6.74
6473,101.140625,-12.37
6474,101.15625,-18.68
6475,101.171875,-25.14
6476,101.1875,-30.77
6477,101.203125,-34.4
6478,101.21875,-35.02
6479,101.234375,-32.22
6480,101.25,-26.43
6481,101.265625,-18.84
6482,101.28125,-11.0
6483,101.296875,-4.32
6484,101.3125,0.33
6485,101.328125,2.82
6486,101.34375,3.6
6487,101.359375,3.36
6488,101.375,2.81
6489,101.390625,2.43
6490,101.40625,2.46
6491,101.421875,2.89
6492,101.4375,3.58
6493,101.453125,4.29
6494,101.46875,4.8
6495,101.484375,4.99
6496,101.5,4.81
6497,101.515625,4.31
6498,101.53125,3.61
6499,101.546875,2.81
6500,101.5625,1.97
6501,101.578125,1.15
6502,101.59375,0.33
6503,101.609375,-0.49
6504,101.625,-1.39
6505,101.640625,-2.51
6506,101.65625,-4.01
6507,101.671875,-5.97
6508,101.6875,-8.42
6509,101.703125,-11.22
6510,101.71875,-14.16
6511,101.734375,-17.16
6512,101.75,-20.24
6513,101.765625,-23.69
6514,101.78125,-27.85
6515,101.796875,-32.84
6516,101.8125,-38.34
6517,101.828125,-43.49
6518,101.84375,-47.02
6519,101.859375,-47.69
6520,101.875,-44.78
6521,101.890625,-38.37
6522,101.90625,-29.38
6523,101.921875,-19.25
6524,101.9375,-9.43
6525,101.953125,-0.99
6526,101.96875,5.59
6527,101.984375,10.43
6528,102.0,13.96
6529,102.015625,16.65
6530,102.03125,18.86
6531,102.046875,20.73
6532,102.0625,22.18
6533,102.078125,23.07
6534,102.09375,23.27
6535,102.109375,22.77
6536,102.125,21.75
6537,102.140625,20.47
6538,102.15625,19.14
6539,102.171875,17.92
6540,102.1875,16.7
6541,102.203125,15.18
6542,102.21875,13.0
6543,102.234375,9.85
6544,102.25,5.54
6545,102.265625,0.15
6546,102.28125,-6.07
6547,102.296875,-12.76
6548,102.3125,-19.48
6549,102.328125,-25.97
6550,102.34375,-32.18
6551,102.359375,-38.36
6552,102.375,-45.06
6553,102.390625,-52.97
6554,102.40625,-62.55
6555,102.421875,-73.65
6556,102.4375,-85.33
6557,102.453125,-95.89
6558,102.46875,-103.38
6559,102.484375,-106.38
6560,102.5,-104.64
6561,102.515625,-99.39
6562,102.53125,-93.09
6563,102.546875,-88.49
6564,102.5625,-87.69
6565,102.578125,-91.3
6566,102.59375,-98.32
6567,102.609375,-106.59
6568,102.625,-113.77
6569,102.640625,-118.42
6570,102.65625,-120.71
6571,102.671875,-122.45
6572,102.6875,-126.38
6573,102.703125,-134.87
6574,102.71875,-148.53
6575,102.734375,-165.32
6576,102.75,-180.62
6577,102.765625,-188.47
6578,102.78125,-183.48
6579,102.796875,-162.99
6580,102.8125,-128.61
6581,102.828125,-86.35
6582,102.84375,-44.93
6583,102.859375,-13.02
6584,102.875,4.08
6585,102.890625,6.39
6586,102.90625,-0.71
6587,102.921875,-8.48
6588,102.9375,-7.99
6589,102.953125,6.97
6590,102.96875,38.07
6591,102.984375,81.81
6592,103.0,130.12
6593,103.015625,172.26
6594,103.03125,197.7
6595,103.046875,199.85
6596,103.0625,178.92
6597,103.078125,142.65
6598,103.09375,104.11
6599,103.109375,77.0
6600,103.125,70.45
6601,103.140625,85.68
6602,103.15625,116.3
6603,103.171875,151.71
6604,103.1875,181.8
6605,103.203125,200.37
6606,103.21875,205.89
6607,103.234375,200.0
6608,103.25,185.35
6609,103.265625,164.16
6610,103.28125,138.15
6611,103.296875,109.33
6612,103.3125,80.49
6613,103.328125,54.82
6614,103.34375,35.22
6615,103.359375,23.07
6616,103.375,17.83
6617,103.390625,16.98
6618,103.40625,17.09
6619,103.421875,15.15
6620,103.4375,9.76
6621,103.453125,1.57
6622,103.46875,-7.16
6623,103.484375,-13.78
6624,103.5,-16.36
6625,103.515625,-14.55
6626,103.53125,-9.56
6627,103.546875,-3.38
6628,103.5625,2.24
6629,103.578125,6.64
6630,103.59375,10.39
6631,103.609375,14.84
6632,103.625,21.35
6633,103.640625,30.54
6634,103.65625,42.06
6635,103.671875,54.8
6636,103.6875,67.38
6637,103.703125,78.66
6638,103.71875,88.01
6639,103.734375,95.26
6640,103.75,100.47
6641,103.765625,103.71
6642,103.78125,104.98
6643,103.796875,104.2
6644,103.8125,101.37
6645,103.828125,96.72
6646,103.84375,90.67
6647,103.859375,83.76
6648,103.875,76.51
6649,103.890625,69.24
6650,103.90625,62.0
6651,103.921875,54.65
6652,103.9375,46.88
6653,103.953125,38.37
6654,103.96875,28.99
6655,103.984375,18.84
6656,104.0,8.44
6657,104.015625,-1.35
6658,104.03125,-9.48
6659,104.046875,-15.13
6660,104.0625,-17.9
6661,104.078125,-18.04
6662,104.09375,-16.07
6663,104.109375,-12.53
6664,104.125,-7.6
6665,104.140625,-1.11
6666,104.15625,7.16
6667,104.171875,17.2
6668,104.1875,28.42
6669,104.203125,39.94
6670,104.21875,50.88
6671,104.234375,60.88
6672,104.25,70.06
6673,104.265625,78.71
6674,104.28125,86.96
6675,104.296875,94.37
6676,104.3125,100.18
6677,104.328125,103.57
6678,104.34375,104.25
6679,104.359375,102.58
6680,104.375,99.62
6681,104.390625,96.86
6682,104.40625,95.78
6683,104.421875,97.43
6684,104.4375,101.97
6685,104.453125,108.55
6686,104.46875,115.41
6687,104.484375,120.54
6688,104.5,122.19
6689,104.515625,119.54
6690,104.53125,112.73
6691,104.546875,102.64
6692,104.5625,90.36
6693,104.578125,76.77
6694,104.59375,62.29
6695,104.609375,46.96
6696,104.625,30.68
6697,104.640625,13.24
6698,104.65625,-5.48
6699,104.671875,-25.5
6700,104.6875,-46.74
6701,104.703125,-69.01
6702,104.71875,-92.05
6703,104.734375,-115.59
6704,104.75,-139.45
6705,104.765625,-163.6
6706,104.78125,-188.08
6707,104.796875,-212.93
6708,104.8125,-238.17
6709,104.828125,-263.74
6710,104.84375,-289.37
6711,104.859375,-314.35
6712,104.875,-337.38
6713,104.890625,-356.56
6714,104.90625,-369.93
6715,104.921875,-376.07
6716,104.9375,-374.56
6717,104.953125,-366.1
6718,104.96875,-351.9
6719,104.984375,-332.9
6720,105.0,-309.38
6721,105.015625,-281.08
6722,105.03125,-247.92
6723,105.046875,-210.89
6724,105.0625,-172.31
6725,105.078125,-135.36
6726,105.09375,-103.24
6727,105.109375,-78.32
6728,105.125,-61.64
6729,105.140625,-52.99
6730,105.15625,-50.97
6731,105.171875,-53.24
6732,105.1875,-56.89
6733,105.203125,-58.95
6734,105.21875,-57.22
6735,105.234375,-51.19
6736,105.25,-42.38
6737,105.265625,-33.88
6738,105.28125,-29.01
6739,105.296875,-29.57
6740,105.3125,-34.59
6741,105.328125,-40.34
6742,105.34375,-41.57
6743,105.359375,-33.23
6744,105.375,-12.1
6745,105.390625,22.34
6746,105.40625,67.78
6747,105.421875,119.59
6748,105.4375,171.63
6749,105.453125,217.4
6750,105.46875,251.42
6751,105.484375,270.79
6752,105.5,276.18
6753,105.515625,271.83
6754,105.53125,264.44
6755,105.546875,260.78
6756,105.5625,265.22
6757,105.578125,278.37
6758,105.59375,297.19
6759,105.609375,316.82
6760,105.625,332.84
6761,105.640625,342.84
6762,105.65625,346.65
6763,105.671875,345.41
6764,105.6875,340.21
6765,105.703125,331.43
6766,105.71875,318.72
6767,105.734375,301.66
6768,105.75,280.29
6769,105.765625,255.38
6770,105.78125,228.15
6771,105.796875,200.1
6772,105.8125,173.15
6773,105.828125,149.51
6774,105.84375,131.26
6775,105.859375,119.48
6776,105.875,113.23
6777,105.890625,109.02
6778,105.90625,101.56
6779,105.921875,85.58
6780,105.9375,57.86
6781,105.953125,18.78
6782,105.96875,-27.6
6783,105.984375,-74.53
6784,106.0,-114.68
6785,106.015625,-142.21
6786,106.03125,-154.39
6787,106.046875,-152.23
6788,106.0625,-139.88
6789,106.078125,-123.15
6790,106.09375,-107.63
6791,106.109375,-97.11
6792,106.125,-92.94
6793,106.140625,-94.41
6794,106.15625,-99.78
6795,106.171875,-107.07
6796,106.1875,-114.43
6797,106.203125,-119.98
6798,106.21875,-121.92
6799,106.234375,-119.05
6800,106.25,-111.68
6801,106.265625,-102.05
6802,106.28125,-93.96
6803,106.296875,-91.52
6804,106.3125,-97.13
6805,106.328125,-110.52
6806,106.34375,-128.9
6807,106.359375,-148.26
6808,106.375,-164.89
6809,106.390625,-176.49
6810,106.40625,-182.31
6811,106.421875,-182.48
6812,106.4375,-177.4
6813,106.453125,-167.31
6814,106.46875,-152.51
6815,106.484375,-133.67
6816,106.5,-112.06
6817,106.515625,-89.52
6818,106.53125,-68.16
6819,106.546875,-49.9
6820,106.5625,-36.2
6821,106.578125,-27.84
6822,106.59375,-24.9
6823,106.609375,-26.77
6824,106.625,-32.24
6825,106.640625,-39.6
6826,106.65625,-46.88
6827,106.671875,-52.25
6828,106.6875,-54.47
6829,106.703125,-53.2
6830,106.71875,-49.19
6831,106.734375,-43.97
6832,106.75,-39.36
6833,106.765625,-36.73
6834,106.78125,-36.41
6835,106.796875,-37.71
6836,106.8125,-39.26
6837,106.828125,-39.66
6838,106.84375,-38.07
6839,106.859375,-34.43
6840,106.875,-29.26
6841,106.890625,-23.35
6842,106.90625,-17.39
6843,106.921875,-11.84
6844,106.9375,-7.0
6845,106.953125,-3.08
6846,106.96875,-0.15
6847,106.984375,1.92
6848,107.0,3.44
6849,107.015625,4.76
6850,107.03125,6.05
6851,107.046875,7.11
6852,107.0625,7.52
6853,107.078125,6.85
6854,107.09375,5.01
6855,107.109375,2.37
6856,107.125,-0.31
6857,107.140625,-2.26
6858,107.15625,-3.03
6859,107.171875,-2.74
6860,107.1875,-1.98
6861,107.203125,-1.56
6862,107.21875,-2.19
6863,107.234375,-4.22
6864,107.25,-7.57
6865,107.265625,-11.76
6866,107.28125,-16.09
6867,107.296875,-19.8
6868,107.3125,-22.3
6869,107.328125,-23.3
6870,107.34375,-22.86
6871,107.359375,-21.44
6872,107.375,-19.67
6873,107.390625,-18.28
6874,107.40625,-17.87
6875,107.421875,-18.78
6876,107.4375,-21.11
6877,107.453125,-24.72
6878,107.46875,-29.44
6879,107.484375,-35.13
6880,107.5,-41.83
6881,107.515625,-49.66
6882,107.53125,-58.43
6883,107.546875,-67.31
6884,107.5625,-74.58
6885,107.578125,-77.95
6886,107.59375,-75.33
6887,107.609375,-65.96
6888,107.625,-50.93
6889,107.640625,-33.11
6890,107.65625,-16.04
6891,107.671875,-2.63
6892,107.6875,5.83
6893,107.703125,9.82
6894,107.71875,10.84
6895,107.734375,10.37
6896,107.75,9.06
6897,107.765625,6.66
6898,107.78125,2.68
6899,107.796875,-2.93
6900,107.8125,-9.25
6901,107.828125,-14.62
6902,107.84375,-17.27
6903,107.859375,-15.98
6904,107.875,-10.43
6905,107.890625,-1.1
6906,107.90625,11.17
6907,107.921875,25.63
6908,107.9375,41.75
6909,107.953125,59.08
6910,107.96875,76.86
6911,107.984375,93.84
6912,108.0,108.39
6913,108.015625,118.84
6914,108.03125,124.0
6915,108.046875,123.47
6916,108.0625,117.64
6917,108.078125,107.47
6918,108.09375,94.24
6919,108.109375,79.11
6920,108.125,63.08
6921,108.140625,46.88
6922,108.15625,31.11
6923,108.171875,16.35
6924,108.1875,3.29
6925,108.203125,-7.36
6926,108.21875,-14.86
6927,108.234375,-18.71
6928,108.25,-18.78
6929,108.265625,-15.38
6930,108.28125,-9.3
6931,108.296875,-1.56
6932,108.3125,6.65
6933,108.328125,14.27
6934,108.34375,20.47
6935,108.359375,24.77
6936,108.375,27.11
6937,108.390625,27.87
6938,108.40625,27.78
6939,108.421875,27.73
6940,108.4375,28.61
6941,108.453125,31.12
6942,108.46875,35.55
6943,108.484375,41.75
6944,108.5,49.08
6945,108.515625,56.47
6946,108.53125,62.7
6947,108.546875,66.7
6948,108.5625,67.78
6949,108.578125,65.82
6950,108.59375,61.34
6951,108.609375,55.28
6952,108.625,48.83
6953,108.640625,43.2
6954,108.65625,39.31
6955,108.671875,37.62
6956,108.6875,38.1
6957,108.703125,40.22
6958,108.71875,43.25
6959,108.734375,46.4
6960,108.75,49.12
6961,108.765625,51.11
6962,108.78125,52.35
6963,108.796875,52.95
6964,108.8125,53.02
6965,108.828125,52.69
6966,108.84375,52.11
6967,108.859375,51.46
6968,108.875,50.91
6969,108.890625,50.53
6970,108.90625,50.25
6971,108.921875,49.81
6972,108.9375,48.79
6973,108.953125,46.78
6974,108.96875,43.44
6975,108.984375,38.6
6976,109.0,32.4
6977,109.015625,25.29
6978,109.03125,17.87
6979,109.046875,10.79
6980,109.0625,4.49
6981,109.078125,-0.92
6982,109.09375,-5.65
6983,109.109375,-10.06
6984,109.125,-14.56
6985,109.140625,-19.4
6986,109.15625,-24.65
6987,109.171875,-30.3
6988,109.1875,-36.19
6989,109.203125,-42.04
6990,109.21875,-47.35
6991,109.234375,-51.53
6992,109.25,-53.94
6993,109.265625,-54.22
6994,109.28125,-52.36
6995,109.296875,-48.87
6996,109.3125,-44.47
6997,109.328125,-39.9
6998,109.34375,-35.72
6999,109.359375,-32.11
7000,109.375,-29.05
7001,109.390625,-26.32
7002,109.40625,-23.76
7003,109.421875,-21.22
7004,109.4375,-18.64
7005,109.453125,-16.05
7006,109.46875,-13.46
7007,109.484375,-10.83
7008,109.5,-8.06
7009,109.515625,-4.95
7010,109.53125,-1.21
7011,109.546875,3.4
7012,109.5625,9.05
7013,109.578125,15.67
7014,109.59375,22.95
7015,109.609375,30.28
7016,109.625,36.82
7017,109.640625,41.6
7018,109.65625,43.8
7019,109.671875,43.05
7020,109.6875,39.62
7021,109.703125,34.53
7022,109.71875,29.31
7023,109.734375,25.48
7024,109.75,24.01
7025,109.765625,24.82
7026,109.78125,26.64
7027,109.796875,27.26
7028,109.8125,24.11
7029,109.828125,15.09
7030,109.84375,-0.72
7031,109.859375,-22.56
7032,109.875,-48.01
7033,109.890625,-73.43
7034,109.90625,-94.84
7035,109.921875,-108.89
7036,109.9375,-113.66
7037,109.953125,-109.06
7038,109.96875,-96.66
7039,109.984375,-79.12
7040,110.0,-59.37
7041,110.015625,-39.96
7042,110.03125,-22.49
7043,110.046875,-7.53
7044,110.0625,5.18
7045,110.078125,16.48
7046,110.09375,27.26
7047,110.109375,38.19
7048,110.125,49.47
7049,110.140625,60.88
7050,110.15625,71.91
7051,110.171875,82.06
7052,110.1875,90.87
7053,110.203125,98.09
7054,110.21875,103.55
7055,110.234375,107.12
7056,110.25,108.67
7057,110.265625,108.17
7058,110.28125,105.74
7059,110.296875,101.69
7060,110.3125,96.43
7061,110.328125,90.36
7062,110.34375,83.72
7063,110.359375,76.58
7064,110.375,68.88
7065,110.390625,60.49
7066,110.40625,51.39
7067,110.421875,41.5
7068,110.4375,30.71
7069,110.453125,18.91
7070,110.46875,5.96
7071,110.484375,-8.08
7072,110.5,-22.85
7073,110.515625,-37.61
7074,110.53125,-51.4
7075,110.546875,-63.21
7076,110.5625,-72.2
7077,110.578125,-77.87
7078,110.59375,-80.17
7079,110.609375,-79.43
7080,110.625,-76.35
7081,110.640625,-71.76
7082,110.65625,-66.53
7083,110.671875,-61.43
7084,110.6875,-57.06
7085,110.703125,-53.93
7086,110.71875,-52.46
7087,110.734375,-52.94
7088,110.75,-55.42
7089,110.765625,-59.58
7090,110.78125,-64.73
7091,110.796875,-69.98
7092,110.8125,-74.58
7093,110.828125,-78.21
7094,110.84375,-81.05
7095,110.859375,-83.59
7096,110.875,-86.23
7097,110.890625,-89.01
7098,110.90625,-91.58
7099,110.921875,-93.44
7100,110.9375,-94.25
7101,110.953125,-94.02
7102,110.96875,-93.0
7103,110.984375,-91.57
7104,111.0,-89.93
7105,111.015625,-88.05
7106,111.03125,-85.77
7107,111.046875,-82.92
7108,111.0625,-79.47
7109,111.078125,-75.5
7110,111.09375,-71.11
7111,111.109375,-66.21
7112,111.125,-60.59
7113,111.140625,-53.85
7114,111.15625,-45.6
7115,111.171875,-35.76
7116,111.1875,-24.67
7117,111.203125,-13.23
7118,111.21875,-2.57
7119,111.234375,6.33
7120,111.25,13.29
7121,111.265625,19.27
7122,111.28125,26.26
7123,111.296875,36.73
7124,111.3125,52.73
7125,111.328125,75.12
7126,111.34375,103.1
7127,111.359375,134.28
7128,111.375,165.23
7129,111.390625,192.36
7130,111.40625,212.71
7131,111.421875,224.68
7132,111.4375,228.34
7133,111.453125,225.39
7134,111.46875,218.71
7135,111.484375,211.54
7136,111.5,206.58
7137,111.515625,205.15
7138,111.53125,206.77
7139,111.546875,209.17
7140,111.5625,208.75
7141,111.578125,201.58
7142,111.59375,184.72
7143,111.609375,157.57
7144,111.625,122.5
7145,111.640625,84.58
7146,111.65625,50.1
7147,111.671875,24.54
7148,111.6875,10.63
7149,111.703125,7.65
7150,111.71875,12.09
7151,111.734375,19.33
7152,111.75,25.48
7153,111.765625,28.43
7154,111.78125,27.9
7155,111.796875,24.67
7156,111.8125,19.69
7157,111.828125,13.56
7158,111.84375,6.45
7159,111.859375,-1.58
7160,111.875,-10.47
7161,111.890625,-20.01
7162,111.90625,-30.0
7163,111.921875,-40.25
7164,111.9375,-50.58
7165,111.953125,-60.8
7166,111.96875,-70.47
7167,111.984375,-78.89
7168,112.0,-85.21
7169,112.015625,-88.68
7170,112.03125,-89.04
7171,112.046875,-86.63
7172,112.0625,-82.38
7173,112.078125,-77.43
7174,112.09375,-72.73
7175,112.109375,-68.67
7176,112.125,-65.07
7177,112.140625,-61.42
7178,112.15625,-57.25
7179,112.171875,-52.34
7180,112.1875,-46.65
7181,112.203125,-40.16
7182,112.21875,-32.75
7183,112.234375,-24.28
7184,112.25,-14.88
7185,112.265625,-5.08
7186,112.28125,4.12
7187,112.296875,11.67
7188,112.3125,16.77
7189,112.328125,19.26
7190,112.34375,19.61
7191,112.359375,18.74
7192,112.375,17.66
7193,112.390625,17.12
7194,112.40625,17.43
7195,112.421875,18.41
7196,112.4375,19.43
7197,112.453125,19.5
7198,112.46875,17.55
7199,112.484375,12.66
7200,112.5,4.4
7201,112.515625,-7.03
7202,112.53125,-20.76
7203,112.546875,-35.55
7204,112.5625,-50.07
7205,112.578125,-63.32
7206,112.59375,-74.83
7207,112.609375,-84.55
7208,112.625,-92.65
7209,112.640625,-99.28
7210,112.65625,-104.38
7211,112.671875,-107.79
7212,112.6875,-109.26
7213,112.703125,-108.7
7214,112.71875,-106.19
7215,112.734375,-101.96
7216,112.75,-96.37
7217,112.765625,-89.76
7218,112.78125,-82.48
7219,112.796875,-74.85
7220,112.8125,-67.18
7221,112.828125,-59.84
7222,112.84375,-53.22
7223,112.859375,-47.64
7224,112.875,-43.3
7225,112.890625,-40.19
7226,112.90625,-38.08
7227,112.921875,-36.59
7228,112.9375,-35.18
7229,112.953125,-33.45
7230,112.96875,-31.22
7231,112.984375,-28.62
7232,113.0,-26.04
7233,113.015625,-23.96
7234,113.03125,-22.69
7235,113.046875,-22.36
7236,113.0625,-22.83
7237,113.078125,-23.81
7238,113.09375,-25.02
7239,113.109375,-26.28
7240,113.125,-27.61
7241,113.140625,-29.17
7242,113.15625,-31.25
7243,113.171875,-34.18
7244,113.1875,-38.22
7245,113.203125,-43.45
7246,113.21875,-49.68
7247,113.234375,-56.39
7248,113.25,-62.77
7249,113.265625,-67.93
7250,113.28125,-71.07
7251,113.296875,-71.73
7252,113.3125,-69.96
7253,113.328125,-66.29
7254,113.34375,-61.54
7255,113.359375,-56.58
7256,113.375,-52.15
7257,113.390625,-48.66
7258,113.40625,-46.21
7259,113.421875,-44.61
7260,113.4375,-43.55
7261,113.453125,-42.67
7262,113.46875,-41.67
7263,113.484375,-40.4
7264,113.5,-38.84
7265,113.515625,-37.15
7266,113.53125,-35.53
7267,113.546875,-34.06
7268,113.5625,-32.61
7269,113.578125,-30.85
7270,113.59375,-28.25
7271,113.609375,-24.27
7272,113.625,-18.48
7273,113.640625,-10.66
7274,113.65625,-0.83
7275,113.671875,10.59
7276,113.6875,22.86
7277,113.703125,34.82
7278,113.71875,45.09
7279,113.734375,52.34
7280,113.75,55.69
7281,113.765625,54.98
7282,113.78125,50.81
7283,113.796875,44.44
7284,113.8125,37.33
7285,113.828125,30.83
7286,113.84375,25.87
7287,113.859375,22.94
7288,113.875,22.15
7289,113.890625,23.41
7290,113.90625,26.44
7291,113.921875,30.83
7292,113.9375,36.02
7293,113.953125,41.4
7294,113.96875,46.37
7295,113.984375,50.52
7296,114.0,53.67
7297,114.015625,55.83
7298,114.03125,57.08
7299,114.046875,57.39
7300,114.0625,56.58
7301,114.078125,54.39
7302,114.09375,50.64
7303,114.109375,45.53
7304,114.125,39.62
7305,114.140625,33.77
7306,114.15625,28.89
7307,114.171875,25.57
7308,114.1875,23.93
7309,114.203125,23.64
7310,114.21875,24.08
7311,114.234375,24.64
7312,114.25,24.91
7313,114.265625,24.73
7314,114.28125,24.13
7315,114.296875,23.19
7316,114.3125,21.93
7317,114.328125,20.35
7318,114.34375,18.42
7319,114.359375,16.18
7320,114.375,13.62
7321,114.390625,10.64
7322,114.40625,6.99
7323,114.421875,2.31
7324,114.4375,-3.75
7325,114.453125,-11.25
7326,114.46875,-19.81
7327,114.484375,-28.56
7328,114.5,-36.39
7329,114.515625,-42.21
7330,114.53125,-45.4
7331,114.546875,-45.88
7332,114.5625,-44.18
7333,114.578125,-41.15
7334,114.59375,-37.64
7335,114.609375,-34.22
7336,114.625,-31.05
7337,114.640625,-27.94
7338,114.65625,-24.61
7339,114.671875,-20.86
7340,114.6875,-16.72
7341,114.703125,-12.48
7342,114.71875,-8.5
7343,114.734375,-5.14
7344,114.75,-2.56
7345,114.765625,-0.7
7346,114.78125,0.71
7347,114.796875,2.02
7348,114.8125,3.55
7349,114.828125,5.52
7350,114.84375,7.95
7351,114.859375,10.73
7352,114.875,13.73
7353,114.890625,16.82
7354,114.90625,19.95
7355,114.921875,23.21
7356,114.9375,26.7
7357,114.953125,30.42
7358,114.96875,34.31
7359,114.984375,38.12
7360,115.0,41.52
7361,115.015625,44.2
7362,115.03125,45.9
7363,115.046875,46.55
7364,115.0625,46.19
7365,115.078125,45.11
7366,115.09375,43.67
7367,115.109375,42.41
7368,115.125,41.81
7369,115.140625,42.24
7370,115.15625,43.77
7371,115.171875,46.24
7372,115.1875,49.2
7373,115.203125,52.16
7374,115.21875,54.82
7375,115.234375,57.22
7376,115.25,59.85
7377,115.265625,63.43
7378,115.28125,68.63
7379,115.296875,75.61
7380,115.3125,83.73
7381,115.328125,91.54
7382,115.34375,97.17
7383,115.359375,99.05
7384,115.375,96.5
7385,115.390625,90.22
7386,115.40625,81.96
7387,115.421875,73.88
7388,115.4375,67.73
7389,115.453125,64.21
7390,115.46875,62.89
7391,115.484375,62.72
7392,115.5,62.61
7393,115.515625,61.96
7394,115.53125,60.78
7395,115.546875,59.45
7396,115.5625,58.28
7397,115.578125,57.24
7398,115.59375,55.78
7399,115.609375,52.86
7400,115.625,47.18
7401,115.640625,37.5
7402,115.65625,22.94
7403,115.671875,3.43
7404,115.6875,-20.02
7405,115.703125,-45.24
7406,115.71875,-69.27
7407,115.734375,-89.06
7408,115.75,-102.3
7409,115.765625,-108.0
7410,115.78125,-106.71
7411,115.796875,-100.17
7412,115.8125,-90.62
7413,115.828125,-80.15
7414,115.84375,-70.28
7415,115.859375,-61.8
7416,115.875,-54.97
7417,115.890625,-49.77
7418,115.90625,-45.96
7419,115.921875,-43.27
7420,115.9375,-41.3
7421,115.953125,-39.48
7422,115.96875,-37.26
7423,115.984375,-34.25
7424,116.0,-30.46
7425,116.015625,-26.35
7426,116.03125,-22.74
7427,116.046875,-20.45
7428,116.0625,-20.0
7429,116.078125,-21.28
7430,116.09375,-23.52
7431,116.109375,-25.55
7432,116.125,-26.35
7433,116.140625,-25.34
7434,116.15625,-22.69
7435,116.171875,-19.17
7436,116.1875,-15.75
7437,116.203125,-13.15
7438,116.21875,-11.48
7439,116.234375,-10.09
7440,116.25,-7.8
7441,116.265625,-3.25
7442,116.28125,4.61
7443,116.296875,16.26
7444,116.3125,31.35
7445,116.328125,48.79
7446,116.34375,66.8
7447,116.359375,83.11
7448,116.375,95.24
7449,116.390625,100.97
7450,116.40625,98.86
7451,116.421875,88.83
7452,116.4375,72.35
7453,116.453125,52.11
7454,116.46875,31.32
7455,116.484375,12.75
7456,116.5,-1.98
7457,116.515625,-12.57
7458,116.53125,-19.7
7459,116.546875,-24.34
7460,116.5625,-27.25
7461,116.578125,-28.78
7462,116.59375,-29.12
7463,116.609375,-28.44
7464,116.625,-27.16
7465,116.640625,-25.71
7466,116.65625,-24.29
7467,116.671875,-22.81
7468,116.6875,-20.86
7469,116.703125,-18.05
7470,116.71875,-14.34
7471,116.734375,-10.18
7472,116.75,-6.36
7473,116.765625,-3.7
7474,116.78125,-2.6
7475,116.796875,-2.89
7476,116.8125,-3.82
7477,116.828125,-4.35
7478,116.84375,-3.58
7479,116.859375,-1.02
7480,116.875,3.3
7481,116.890625,8.85
7482,116.90625,14.87
7483,116.921875,20.48
7484,116.9375,25.07
7485,116.953125,28.43
7486,116.96875,31.0
7487,116.984375,33.67
7488,117.0,37.61
7489,117.015625,43.71
7490,117.03125,52.23
7491,117.046875,62.63
7492,117.0625,73.8
7493,117.078125,84.53
7494,117.09375,93.93
7495,117.109375,101.75
7496,117.125,108.18
7497,117.140625,113.54
7498,117.15625,117.96
7499,117.171875,121.2
7500,117.1875,122.82
7501,117.203125,122.33
7502,117.21875,119.35
7503,117.234375,113.71
7504,117.25,105.39
7505,117.265625,94.56
7506,117.28125,81.65
7507,117.296875,67.51
7508,117.3125,53.43
7509,117.328125,40.9
7510,117.34375,31.19
7511,117.359375,24.93
7512,117.375,21.82
7513,117.390625,20.73
7514,117.40625,20.09
7515,117.421875,18.36
7516,117.4375,14.47
7517,117.453125,7.94
7518,117.46875,-1.08
7519,117.484375,-12.17
7520,117.5,-24.74
7521,117.515625,-38.3
7522,117.53125,-52.47
7523,117.546875,-66.98
7524,117.5625,-81.57
7525,117.578125,-95.87
7526,117.59375,-109.38
7527,117.609375,-121.48
7528,117.625,-131.62
7529,117.640625,-139.41
7530,117.65625,-144.84
7531,117.671875,-148.16
7532,117.6875,-149.74
7533,117.703125,-149.92
7534,117.71875,-148.88
7535,117.734375,-146.84
7536,117.75,-144.22
7537,117.765625,-141.82
7538,117.78125,-140.67
7539,117.796875,-141.68
7540,117.8125,-145.3
7541,117.828125,-151.09
7542,117.84375,-157.98
7543,117.859375,-164.49
7544,117.875,-169.3
7545,117.890625,-171.65
7546,117.90625,-171.4
7547,117.921875,-168.91
7548,117.9375,-164.73
7549,117.953125,-159.4
7550,117.96875,-153.26
7551,117.984375,-146.57
7552,118.0,-139.56
7553,118.015625,-132.46
7554,118.03125,-125.52
7555,118.046875,-118.95
7556,118.0625,-112.84
7557,118.078125,-107.16
7558,118.09375,-101.74
7559,118.109375,-96.25
7560,118.125,-90.31
7561,118.140625,-83.59
7562,118.15625,-75.92
7563,118.171875,-67.28
7564,118.1875,-57.77
7565,118.203125,-47.58
7566,118.21875,-36.92
7567,118.234375,-26.12
7568,118.25,-15.56
7569,118.265625,-5.74
7570,118.28125,2.95
7571,118.296875,10.28
7572,118.3125,16.32
7573,118.328125,21.34
7574,118.34375,25.63
7575,118.359375,29.33
7576,118.375,32.35
7577,118.390625,34.51
7578,118.40625,35.67
7579,118.421875,35.9
7580,118.4375,35.43
7581,118.453125,34.56
7582,118.46875,33.43
7583,118.484375,32.02
7584,118.5,30.15
7585,118.515625,27.62
7586,118.53125,24.39
7587,118.546875,20.54
7588,118.5625,16.27
7589,118.578125,11.87
7590,118.59375,7.58
7591,118.609375,3.52
7592,118.625,-0.31
7593,118.640625,-3.99
7594,118.65625,-7.59
7595,118.671875,-11.11
7596,118.6875,-14.48
7597,118.703125,-17.63
7598,118.71875,-20.49
7599,118.734375,-23.02
7600,118.75,-25.06
7601,118.765625,-26.28
7602,118.78125,-26.22
7603,118.796875,-24.43
7604,118.8125,-20.69
7605,118.828125,-15.21
7606,118.84375,-8.65
7607,118.859375,-1.85
7608,118.875,4.35
7609,118.890625,9.5
7610,118.90625,13.47
7611,118.921875,16.46
7612,118.9375,18.77
7613,118.953125,20.63
7614,118.96875,22.18
7615,118.984375,23.46
7616,119.0,24.54
7617,119.015625,25.43
7618,119.03125,26.19
7619,119.046875,26.77
7620,119.0625,27.09
7621,119.078125,26.98
7622,119.09375,26.23
7623,119.109375,24.73
7624,119.125,22.46
7625,119.140625,19.58
7626,119.15625,16.29
7627,119.171875,12.84
7628,119.1875,9.44
7629,119.203125,6.29
7630,119.21875,3.52
7631,119.234375,1.2
7632,119.25,-0.75
7633,119.265625,-2.54
7634,119.28125,-4.53
7635,119.296875,-7.14
7636,119.3125,-10.73
7637,119.328125,-15.41
7638,119.34375,-21.04
7639,119.359375,-27.07
7640,119.375,-32.71
7641,119.390625,-37.05
7642,119.40625,-39.21
7643,119.421875,-38.64
7644,119.4375,-35.25
7645,119.453125,-29.43
7646,119.46875,-21.99
7647,119.484375,-13.94
7648,119.5,-6.13
7649,119.515625,0.88
7650,119.53125,6.93
7651,119.546875,12.15
7652,119.5625,16.78
7653,119.578125,21.01
7654,119.59375,24.93
7655,119.609375,28.53
7656,119.625,31.78
7657,119.640625,34.75
7658,119.65625,37.47
7659,119.671875,39.94
7660,119.6875,42.02
7661,119.703125,43.43
7662,119.71875,43.96
7663,119.734375,43.59
7664,119.75,42.57
7665,119.765625,41.25
7666,119.78125,39.95
7667,119.796875,38.61
7668,119.8125,36.83
7669,119.828125,34.1
7670,119.84375,30.07
7671,119.859375,24.84
7672,119.875,18.98
7673,119.890625,13.19
7674,119.90625,8.05
7675,119.921875,3.74
7676,119.9375,0.06
7677,119.953125,-3.47
7678,119.96875,-7.35
7679,119.984375,-11.97
7680,120.0,-17.54
7681,120.015625,-23.91
7682,120.03125,-30.57
7683,120.046875,-36.68
7684,120.0625,-41.25
7685,120.078125,-43.4
7686,120.09375,-42.72
7687,120.109375,-39.41
7688,120.125,-34.27
7689,120.140625,-28.45
7690,120.15625,-23.06
7691,120.171875,-18.91
7692,120.1875,-16.39
7693,120.203125,-15.42
7694,120.21875,-15.76
7695,120.234375,-17.02
7696,120.25,-18.93
7697,120.265625,-21.26
7698,120.28125,-23.98
7699,120.296875,-27.14
7700,120.3125,-30.89
7701,120.328125,-35.41
7702,120.34375,-40.64
7703,120.359375,-46.35
7704,120.375,-52.05
7705,120.390625,-57.13
7706,120.40625,-61.09
7707,120.421875,-63.83
7708,120.4375,-65.69
7709,120.453125,-67.32
7710,120.46875,-69.46
7711,120.484375,-72.53
7712,120.5,-76.59
7713,120.515625,-81.28
7714,120.53125,-86.03
7715,120.546875,-90.18
7716,120.5625,-93.07
7717,120.578125,-93.97
7718,120.59375,-92.2
7719,120.609375,-87.17
7720,120.625,-78.62
7721,120.640625,-66.73
7722,120.65625,-52.07
7723,120.671875,-35.23
7724,120.6875,-16.64
7725,120.703125,3.64
7726,120.71875,25.79
7727,120.734375,49.78
7728,120.75,75.1
7729,120.765625,100.53
7730,120.78125,124.34
7731,120.796875,144.74
7732,120.8125,160.4
7733,120.828125,170.78
7734,120.84375,176.24
7735,120.859375,177.85
7736,120.875,176.86
7737,120.890625,174.31
7738,120.90625,170.75
7739,120.921875,166.21
7740,120.9375,160.45
7741,120.953125,153.21
7742,120.96875,144.56
7743,120.984375,134.82
7744,121.0,124.52
7745,121.015625,114.04
7746,121.03125,103.57
7747,121.046875,93.07
7748,121.0625,82.38
7749,121.078125,71.46
7750,121.09375,60.47
7751,121.109375,49.83
7752,121.125,39.98
7753,121.140625,31.32
7754,121.15625,23.9
7755,121.171875,17.48
7756,121.1875,11.6
7757,121.203125,5.72
7758,121.21875,-0.57
7759,121.234375,-7.48
7760,121.25,-14.98
7761,121.265625,-22.85
7762,121.28125,-30.57
7763,121.296875,-37.44
7764,121.3125,-42.57
7765,121.328125,-45.07
7766,121.34375,-44.36
7767,121.359375,-40.37
7768,121.375,-33.69
7769,121.390625,-25.41
7770,121.40625,-16.78
7771,121.421875,-8.83
7772,121.4375,-2.09
7773,121.453125,3.46
7774,121.46875,8.16
7775,121.484375,12.44
7776,121.5,16.56
7777,121.515625,20.57
7778,121.53125,24.27
7779,121.546875,27.4
7780,121.5625,29.77
7781,121.578125,31.27
7782,121.59375,31.94
7783,121.609375,31.92
7784,121.625,31.39
7785,121.640625,30.52
7786,121.65625,29.44
7787,121.671875,28.22
7788,121.6875,26.88
7789,121.703125,25.46
7790,121.71875,23.95
7791,121.734375,22.36
7792,121.75,20.65
7793,121.765625,18.73
7794,121.78125,16.43
7795,121.796875,13.61
7796,121.8125,10.18
7797,121.828125,6.17
7798,121.84375,1.69
7799,121.859375,-3.19
7800,121.875,-8.37
7801,121.890625,-13.78
7802,121.90625,-19.15
7803,121.921875,-23.94
7804,121.9375,-27.39
7805,121.953125,-28.66
7806,121.96875,-27.2
7807,121.984375,-23.02
7808,122.0,-16.73
7809,122.015625,-9.36
7810,122.03125,-2.04
7811,122.046875,4.44
7812,122.0625,9.7
7813,122.078125,13.81
7814,122.09375,17.12
7815,122.109375,20.06
7816,122.125,22.98
7817,122.140625,26.04
7818,122.15625,29.22
7819,122.171875,32.26
7820,122.1875,34.86
7821,122.203125,36.77
7822,122.21875,37.86
7823,122.234375,38.28
7824,122.25,38.29
7825,122.265625,38.15
7826,122.28125,38.04
7827,122.296875,37.92
7828,122.3125,37.6
7829,122.328125,36.79
7830,122.34375,35.26
7831,122.359375,32.85
7832,122.375,29.53
7833,122.390625,25.3
7834,122.40625,20.25
7835,122.421875,14.61
7836,122.4375,8.67
7837,122.453125,2.78
7838,122.46875,-2.81
7839,122.484375,-7.95
7840,122.5,-12.74
7841,122.515625,-17.4
7842,122.53125,-22.13
7843,122.546875,-26.95
7844,122.5625,-31.43
7845,122.578125,-34.84
7846,122.59375,-36.29
7847,122.609375,-35.15
7848,122.625,-31.28
7849,122.640625,-25.22
7850,122.65625,-17.97
7851,122.671875,-10.64
7852,122.6875,-4.08
7853,122.703125,1.39
7854,122.71875,5.88
7855,122.734375,9.77
7856,122.75,13.37
7857,122.765625,16.73
7858,122.78125,19.64
7859,122.796875,21.79
7860,122.8125,22.97
7861,122.828125,23.2
7862,122.84375,22.78
7863,122.859375,22.12
7864,122.875,21.61
7865,122.890625,21.48
7866,122.90625,21.65
7867,122.921875,21.89
7868,122.9375,21.86
7869,122.953125,21.3
7870,122.96875,20.16
7871,122.984375,18.53
7872,123.0,16.55
7873,123.015625,14.33
7874,123.03125,11.87
7875,123.046875,9.1
7876,123.0625,5.98
7877,123.078125,2.5
7878,123.09375,-1.27
7879,123.109375,-5.32
7880,123.125,-9.74
7881,123.140625,-14.63
7882,123.15625,-20.0
7883,123.171875,-25.52
7884,123.1875,-30.49
7885,123.203125,-33.95
7886,123.21875,-35.05
7887,123.234375,-33.37
7888,123.25,-29.13
7889,123.265625,-23.16
7890,123.28125,-16.51
7891,123.296875,-10.19
7892,123.3125,-4.75
7893,123.328125,-0.32
7894,123.34375,3.32
7895,123.359375,6.39
7896,123.375,8.98
7897,123.390625,11.0
7898,123.40625,12.24
7899,123.421875,12.64
7900,123.4375,12.39
7901,123.453125,11.87
7902,123.46875,11.5
7903,123.484375,11.55
7904,123.5,11.93
7905,123.515625,12.32
7906,123.53125,12.3
7907,123.546875,11.56
7908,123.5625,10.04
7909,123.578125,7.93
7910,123.59375,5.61
7911,123.609375,3.51
7912,123.625,2.01
7913,123.640625,1.4
7914,123.65625,1.76
7915,123.671875,2.97
7916,123.6875,4.66
7917,123.703125,6.32
7918,123.71875,7.47
7919,123.734375,7.9
7920,123.75,7.76
7921,123.765625,7.55
7922,123.78125,7.95
7923,123.796875,9.53
7924,123.8125,12.53
7925,123.828125,16.78
7926,123.84375,21.71
7927,123.859375,26.55
7928,123.875,30.57
7929,123.890625,33.35
7930,123.90625,34.86
7931,123.921875,35.44
7932,123.9375,35.64
7933,123.953125,35.92
7934,123.96875,36.45
7935,123.984375,37.16
7936,124.0,37.79
7937,124.015625,38.07
7938,124.03125,37.94
7939,124.046875,37.45
7940,124.0625,36.67
7941,124.078125,35.62
7942,124.09375,34.23
7943,124.109375,32.47
7944,124.125,30.43
7945,124.140625,28.33
7946,124.15625,26.37
7947,124.171875,24.59
7948,124.1875,22.76
7949,124.203125,20.52
7950,124.21875,17.6
7951,124.234375,14.1
7952,124.25,10.48
7953,124.265625,7.3
7954,124.28125,4.88
7955,124.296875,3.02
7956,124.3125,0.94
7957,124.328125,-2.4
7958,124.34375,-7.89
7959,124.359375,-15.83
7960,124.375,-25.86
7961,124.390625,-37.0
7962,124.40625,-47.94
7963,124.421875,-57.36
7964,124.4375,-64.22
7965,124.453125,-67.85
7966,124.46875,-68.06
7967,124.484375,-65.13
7968,124.5,-59.76
7969,124.515625,-52.96
7970,124.53125,-45.81
7971,124.546875,-39.28
7972,124.5625,-33.95
7973,124.578125,-29.99
7974,124.59375,-27.18
7975,124.609375,-25.08
7976,124.625,-23.28
7977,124.640625,-21.52
7978,124.65625,-19.76
7979,124.671875,-18.05
7980,124.6875,-16.49
7981,124.703125,-15.05
7982,124.71875,-13.65
7983,124.734375,-12.12
7984,124.75,-10.32
7985,124.765625,-8.16
7986,124.78125,-5.7
7987,124.796875,-3.07
7988,124.8125,-0.4
7989,124.828125,2.13
7990,124.84375,4.44
7991,124.859375,6.54
7992,124.875,8.42
7993,124.890625,10.11
7994,124.90625,11.61
7995,124.921875,12.86
7996,124.9375,13.88
7997,124.953125,14.67
7998,124.96875,15.29
7999,124.984375,15.7
8000,125.0,15.75
8001,125.015625,15.15
8002,125.03125,13.64
8003,125.046875,11.23
8004,125.0625,8.29
8005,125.078125,5.58
8006,125.09375,4.02
8007,125.109375,4.35
8008,125.125,6.93
8009,125.140625,11.51
8010,125.15625,17.41
8011,125.171875,23.73
8012,125.1875,29.63
8013,125.203125,34.5
8014,125.21875,38.07
8015,125.234375,40.39
8016,125.25,41.68
8017,125.265625,42.3
8018,125.28125,42.52
8019,125.296875,42.56
8020,125.3125,42.53
8021,125.328125,42.45
8022,125.34375,42.35
8023,125.359375,42.26
8024,125.375,42.21
8025,125.390625,42.18
8026,125.40625,42.09
8027,125.421875,41.74
8028,125.4375,40.9
8029,125.453125,39.3
8030,125.46875,36.75
8031,125.484375,33.08
8032,125.5,28.25
8033,125.515625,22.21
8034,125.53125,15.03
8035,125.546875,6.96
8036,125.5625,-1.62
8037,125.578125,-10.21
8038,125.59375,-18.34
8039,125.609375,-25.7
8040,125.625,-32.15
8041,125.640625,-37.76
8042,125.65625,-42.67
8043,125.671875,-47.03
8044,125.6875,-50.98
8045,125.703125,-54.58
8046,125.71875,-57.81
8047,125.734375,-60.57
8048,125.75,-62.61
8049,125.765625,-63.55
8050,125.78125,-62.98
8051,125.796875,-60.6
8052,125.8125,-56.42
8053,125.828125,-50.85
8054,125.84375,-44.65
8055,125.859375,-38.62
8056,125.875,-33.43
8057,125.890625,-29.4
8058,125.90625,-26.38
8059,125.921875,-23.98
8060,125.9375,-21.71
8061,125.953125,-19.2
8062,125.96875,-16.32
8063,125.984375,-13.2
8064,126.0,-10.11
8065,126.015625,-7.33
8066,126.03125,-5.07
8067,126.046875,-3.32
8068,126.0625,-1.89
8069,126.078125,-0.55
8070,126.09375,0.93
8071,126.109375,2.59
8072,126.125,4.33
8073,126.140625,5.92
8074,126.15625,7.11
8075,126.171875,7.76
8076,126.1875,7.84
8077,126.203125,7.43
8078,126.21875,6.56
8079,126.234375,5.24
8080,126.25,3.41
8081,126.265625,1.05
8082,126.28125,-1.75
8083,126.296875,-4.8
8084,126.3125,-7.88
8085,126.328125,-10.86
8086,126.34375,-13.82
8087,126.359375,-16.96
8088,126.375,-20.43
8089,126.390625,-24.12
8090,126.40625,-27.52
8091,126.421875,-29.77
8092,126.4375,-30.04
8093,126.453125,-27.84
8094,126.46875,-23.31
8095,126.484375,-17.22
8096,126.5,-10.64
8097,126.515625,-4.57
8098,126.53125,0.4
8099,126.546875,4.16
8100,126.5625,6.96
8101,126.578125,9.09
8102,126.59375,10.77
8103,126.609375,12.05
8104,126.625,12.94
8105,126.640625,13.52
8106,126.65625,13.94
8107,126.671875,14.4
8108,126.6875,15.01
8109,126.703125,15.74
8110,126.71875,16.48
8111,126.734375,17.08
8112,126.75,17.42
8113,126.765625,17.43
8114,126.78125,17.07
8115,126.796875,16.25
8116,126.8125,14.87
8117,126.828125,12.9
8118,126.84375,10.36
8119,126.859375,7.42
8120,126.875,4.28
8121,126.890625,1.16
8122,126.90625,-1.83
8123,126.921875,-4.69
8124,126.9375,-7.52
8125,126.953125,-10.47
8126,126.96875,-13.71
8127,126.984375,-17.34
8128,127.0,-21.39
8129,127.015625,-25.65
8130,127.03125,-29.62
8131,127.046875,-32.63
8132,127.0625,-33.96
8133,127.078125,-33.11
8134,127.09375,-29.97
8135,127.109375,-24.98
8136,127.125,-18.88
8137,127.140625,-12.5
8138,127.15625,-6.55
8139,127.171875,-1.43
8140,127.1875,2.75
8141,127.203125,6.08
8142,127.21875,8.71
8143,127.234375,10.86
8144,127.25,12.66
8145,127.265625,14.19
8146,127.28125,15.43
8147,127.296875,16.34
8148,127.3125,16.84
8149,127.328125,16.95
8150,127.34375,16.76
8151,127.359375,16.45
8152,127.375,16.11
8153,127.390625,15.82
8154,127.40625,15.5
8155,127.421875,15.08
8156,127.4375,14.52
8157,127.453125,13.82
8158,127.46875,13.01
8159,127.484375,12.04
8160,127.5,10.77
8161,127.515625,8.97
8162,127.53125,6.51
8163,127.546875,3.44
8164,127.5625,0.04
8165,127.578125,-3.27
8166,127.59375,-6.11
8167,127.609375,-8.27
8168,127.625,-9.94
8169,127.640625,-11.53
8170,127.65625,-13.56
8171,127.671875,-16.41
8172,127.6875,-20.08
8173,127.703125,-24.13
8174,127.71875,-27.81
8175,127.734375,-30.26
8176,127.75,-30.8
8177,127.765625,-29.16
8178,127.78125,-25.52
8179,127.796875,-20.44
8180,127.8125,-14.62
8181,127.828125,-8.73
8182,127.84375,-3.24
8183,127.859375,1.63
8184,127.875,5.85
8185,127.890625,9.54
8186,127.90625,12.84
8187,127.921875,15.88
8188,127.9375,18.74
8189,127.953125,21.5
8190,127.96875,24.18
8191,127.984375,26.81
8192,128.0,29.36
8193,128.015625,31.76
8194,128.03125,33.87
8195,128.046875,35.49
8196,128.0625,36.46
8197,128.078125,36.72
8198,128.09375,36.32
8199,128.109375,35.48
8200,128.125,34.45
8201,128.140625,33.43
8202,128.15625,32.44
8203,128.171875,31.34
8204,128.1875,29.96
8205,128.203125,28.13
8206,128.21875,25.83
8207,128.234375,23.1
8208,128.25,20.05
8209,128.265625,16.72
8210,128.28125,13.15
8211,128.296875,9.31
8212,128.3125,5.24
8213,128.328125,0.95
8214,128.34375,-3.6
8215,128.359375,-8.47
8216,128.375,-13.73
8217,128.390625,-19.26
8218,128.40625,-24.62
8219,128.421875,-29.09
8220,128.4375,-31.92
8221,128.453125,-32.59
8222,128.46875,-31.09
8223,128.484375,-27.93
8224,128.5,-23.95
8225,128.515625,-19.94
8226,128.53125,-16.37
8227,128.546875,-13.31
8228,128.5625,-10.56
8229,128.578125,-7.89
8230,128.59375,-5.23
8231,128.609375,-2.66
8232,128.625,-0.35
8233,128.640625,1.62
8234,128.65625,3.3
8235,128.671875,4.79
8236,128.6875,6.24
8237,128.703125,7.66
8238,128.71875,8.92
8239,128.734375,9.82
8240,128.75,10.16
8241,128.765625,9.88
8242,128.78125,9.07
8243,128.796875,7.96
8244,128.8125,6.78
8245,128.828125,5.64
8246,128.84375,4.45
8247,128.859375,3.01
8248,128.875,1.12
8249,128.890625,-1.3
8250,128.90625,-4.16
8251,128.921875,-7.2
8252,128.9375,-10.17
8253,128.953125,-12.92
8254,128.96875,-15.41
8255,128.984375,-17.79
8256,129.0,-20.19
8257,129.015625,-22.76
8258,129.03125,-25.64
8259,129.046875,-28.94
8260,129.0625,-32.57
8261,129.078125,-36.23
8262,129.09375,-39.33
8263,129.109375,-41.03
8264,129.125,-40.66
8265,129.140625,-37.88
8266,129.15625,-32.91
8267,129.171875,-26.54
8268,129.1875,-19.83
8269,129.203125,-13.7
8270,129.21875,-8.74
8271,129.234375,-5.08
8272,129.25,-2.49
8273,129.265625,-0.65
8274,129.28125,0.75
8275,129.296875,1.85
8276,129.3125,2.7
8277,129.328125,3.34
8278,129.34375,3.8
8279,129.359375,4.19
8280,129.375,4.62
8281,129.390625,5.18
8282,129.40625,5.85
8283,129.421875,6.53
8284,129.4375,7.05
8285,129.453125,7.2
8286,129.46875,6.88
8287,129.484375,6.04
8288,129.5,4.71
8289,129.515625,2.97
8290,129.53125,0.84
8291,129.546875,-1.67
8292,129.5625,-4.53
8293,129.578125,-7.66
8294,129.59375,-10.91
8295,129.609375,-14.07
8296,129.625,-17.05
8297,129.640625,-19.94
8298,129.65625,-23.02
8299,129.671875,-26.57
8300,129.6875,-30.7
8301,129.703125,-35.14
8302,129.71875,-39.17
8303,129.734375,-41.93
8304,129.75,-42.66
8305,129.765625,-41.01
8306,129.78125,-37.15
8307,129.796875,-31.64
8308,129.8125,-25.2
8309,129.828125,-18.49
8310,129.84375,-11.97
8311,129.859375,-5.86
8312,129.875,-0.32
8313,129.890625,4.57
8314,129.90625,8.81
8315,129.921875,12.46
8316,129.9375,15.7
8317,129.953125,18.72
8318,129.96875,21.64
8319,129.984375,24.4
8320,130.0,26.82
8321,130.015625,28.61
8322,130.03125,29.55
8323,130.046875,29.57
8324,130.0625,28.76
8325,130.078125,27.37
8326,130.09375,25.68
8327,130.109375,23.93
8328,130.125,22.22
8329,130.140625,20.57
8330,130.15625,18.8
8331,130.171875,16.75
8332,130.1875,14.28
8333,130.203125,11.32
8334,130.21875,7.94
8335,130.234375,4.31
8336,130.25,0.59
8337,130.265625,-3.07
8338,130.28125,-6.64
8339,130.296875,-10.16
8340,130.3125,-13.72
8341,130.328125,-17.38
8342,130.34375,-21.2
8343,130.359375,-25.08
8344,130.375,-28.78
8345,130.390625,-31.81
8346,130.40625,-33.58
8347,130.421875,-33.49
8348,130.4375,-31.26
8349,130.453125,-26.99
8350,130.46875,-21.23
8351,130.484375,-14.83
8352,130.5,-8.6
8353,130.515625,-3.15
8354,130.53125,1.3
8355,130.546875,4.84
8356,130.5625,7.76
8357,130.578125,10.32
8358,130.59375,12.71
8359,130.609375,14.97
8360,130.625,17.03
8361,130.640625,18.82
8362,130.65625,20.28
8363,130.671875,21.39
8364,130.6875,22.2
8365,130.703125,22.79
8366,130.71875,23.19
8367,130.734375,23.39
8368,130.75,23.32
8369,130.765625,22.85
8370,130.78125,21.94
8371,130.796875,20.56
8372,130.8125,18.8
8373,130.828125,16.75
8374,130.84375,14.46
8375,130.859375,11.94
8376,130.875,9.13
8377,130.890625,6.06
8378,130.90625,2.8
8379,130.921875,-0.47
8380,130.9375,-3.55
8381,130.953125,-6.38
8382,130.96875,-9.07
8383,130.984375,-11.93
8384,131.0,-15.28
8385,131.015625,-19.32
8386,131.03125,-23.85
8387,131.046875,-28.28
8388,131.0625,-31.7
8389,131.078125,-33.21
8390,131.09375,-32.23
8391,131.109375,-28.74
8392,131.125,-23.31
8393,131.140625,-16.9
8394,131.15625,-10.54
8395,131.171875,-5.0
8396,131.1875,-0.64
8397,131.203125,2.6
8398,131.21875,5.06
8399,131.234375,7.06
8400,131.25,8.89
8401,131.265625,10.62
8402,131.28125,12.21
8403,131.296875,13.54
8404,131.3125,14.51
8405,131.328125,15.07
8406,131.34375,15.22
8407,131.359375,15.05
8408,131.375,14.65
8409,131.390625,14.16
8410,131.40625,13.66
8411,131.421875,13.18
8412,131.4375,12.66
8413,131.453125,12.05
8414,131.46875,11.23
8415,131.484375,10.11
8416,131.5,8.57
8417,131.515625,6.53
8418,131.53125,3.94
8419,131.546875,0.86
8420,131.5625,-2.55
8421,131.578125,-6.11
8422,131.59375,-9.69
8423,131.609375,-13.31
8424,131.625,-17.08
8425,131.640625,-21.13
8426,131.65625,-25.33
8427,131.671875,-29.28
8428,131.6875,-32.32
8429,131.703125,-33.74
8430,131.71875,-33.08
8431,131.734375,-30.28
8432,131.75,-25.82
8433,131.765625,-20.38
8434,131.78125,-14.73
8435,131.796875,-9.42
8436,131.8125,-4.72
8437,131.828125,-0.59
8438,131.84375,3.07
8439,131.859375,6.4
8440,131.875,9.39
8441,131.890625,11.95
8442,131.90625,13.99
8443,131.921875,15.46
8444,131.9375,16.43
8445,131.953125,17.1
8446,131.96875,17.62
8447,131.984375,18.08
8448,132.0,18.46
8449,132.015625,18.62
8450,132.03125,18.44
8451,132.046875,17.8
8452,132.0625,16.64
8453,132.078125,14.97
8454,132.09375,12.86
8455,132.109375,10.4
8456,132.125,7.73
8457,132.140625,4.97
8458,132.15625,2.18
8459,132.171875,-0.64
8460,132.1875,-3.55
8461,132.203125,-6.71
8462,132.21875,-10.19
8463,132.234375,-14.03
8464,132.25,-18.23
8465,132.265625,-22.7
8466,132.28125,-27.26
8467,132.296875,-31.53
8468,132.3125,-34.92
8469,132.328125,-36.79
8470,132.34375,-36.54
8471,132.359375,-33.92
8472,132.375,-29.19
8473,132.390625,-23.02
8474,132.40625,-16.34
8475,132.421875,-10.01
8476,132.4375,-4.56
8477,132.453125,-0.13
8478,132.46875,3.45
8479,132.484375,6.56
8480,132.5,9.53
8481,132.515625,12.52
8482,132.53125,15.45
8483,132.546875,18.09
8484,132.5625,20.16
8485,132.578125,21.45
8486,132.59375,21.95
8487,132.609375,21.85
8488,132.625,21.43
8489,132.640625,20.94
8490,132.65625,20.48
8491,132.671875,19.97
8492,132.6875,19.25
8493,132.703125,18.21
8494,132.71875,16.85
8495,132.734375,15.26
8496,132.75,13.54
8497,132.765625,11.69
8498,132.78125,9.59
8499,132.796875,7.09
8500,132.8125,4.09
8501,132.828125,0.66
8502,132.84375,-3.04
8503,132.859375,-6.85
8504,132.875,-10.72
8505,132.890625,-14.68
8506,132.90625,-18.74
8507,132.921875,-22.7
8508,132.9375,-26.05
8509,132.953125,-28.11
8510,132.96875,-28.26
8511,132.984375,-26.21
8512,133.0,-22.17
8513,133.015625,-16.84
8514,133.03125,-11.09
8515,133.046875,-5.72
8516,133.0625,-1.17
8517,133.078125,2.5
8518,133.09375,5.53
8519,133.109375,8.22
8520,133.125,10.72
8521,133.140625,12.99
8522,133.15625,14.86
8523,133.171875,16.15
8524,133.1875,16.87
8525,133.203125,17.16
8526,133.21875,17.32
8527,133.234375,17.52
8528,133.25,17.85
8529,133.265625,18.15
8530,133.28125,18.22
8531,133.296875,17.94
8532,133.3125,17.25
8533,133.328125,16.23
8534,133.34375,14.94
8535,133.359375,13.42
8536,133.375,11.65
8537,133.390625,9.64
8538,133.40625,7.41
8539,133.421875,5.06
8540,133.4375,2.71
8541,133.453125,0.44
8542,133.46875,-1.83
8543,133.484375,-4.28
8544,133.5,-7.16
8545,133.515625,-10.64
8546,133.53125,-14.62
8547,133.546875,-18.69
8548,133.5625,-22.15
8549,133.578125,-24.19
8550,133.59375,-24.2
8551,133.609375,-21.99
8552,133.625,-17.87
8553,133.640625,-12.53
8554,133.65625,-6.78
8555,133.671875,-1.29
8556,133.6875,3.51
8557,133.703125,7.49
8558,133.71875,10.63
8559,133.734375,12.99
8560,133.75,14.61
8561,133.765625,15.56
8562,133.78125,15.94
8563,133.796875,15.94
8564,133.8125,15.79
8565,133.828125,15.68
8566,133.84375,15.77
8567,133.859375,16.08
8568,133.875,16.53
8569,133.890625,16.9
8570,133.90625,16.92
8571,133.921875,16.33
8572,133.9375,15.03
8573,133.953125,13.06
8574,133.96875,10.68
8575,133.984375,8.18
8576,134.0,5.84
8577,134.015625,3.72
8578,134.03125,1.74
8579,134.046875,-0.34
8580,134.0625,-2.76
8581,134.078125,-5.7
8582,134.09375,-9.18
8583,134.109375,-13.08
8584,134.125,-17.18
8585,134.140625,-21.15
8586,134.15625,-24.53
8587,134.171875,-26.76
8588,134.1875,-27.27
8589,134.203125,-25.68
8590,134.21875,-22.0
8591,134.234375,-16.66
8592,134.25,-10.46
8593,134.265625,-4.3
8594,134.28125,1.06
8595,134.296875,5.21
8596,134.3125,8.17
8597,134.328125,10.23
8598,134.34375,11.84
8599,134.359375,13.32
8600,134.375,14.91
8601,134.390625,16.66
8602,134.40625,18.46
8603,134.421875,20.15
8604,134.4375,21.51
8605,134.453125,22.4
8606,134.46875,22.77
8607,134.484375,22.7
8608,134.5,22.37
8609,134.515625,22.01
8610,134.53125,21.73
8611,134.546875,21.5
8612,134.5625,21.11
8613,134.578125,20.29
8614,134.59375,18.8
8615,134.609375,16.55
8616,134.625,13.63
8617,134.640625,10.29
8618,134.65625,6.82
8619,134.671875,3.47
8620,134.6875,0.35
8621,134.703125,-2.54
8622,134.71875,-5.33
8623,134.734375,-8.21
8624,134.75,-11.36
8625,134.765625,-14.9
8626,134.78125,-18.74
8627,134.796875,-22.52
8628,134.8125,-25.65
8629,134.828125,-27.45
8630,134.84375,-27.34
8631,134.859375,-25.09
8632,134.875,-20.94
8633,134.890625,-15.5
8634,134.90625,-9.58
8635,134.921875,-3.91
8636,134.9375,1.04
8637,134.953125,5.09
8638,134.96875,8.33
8639,134.984375,11.01
8640,135.0,13.34
8641,135.015625,15.48
8642,135.03125,17.46
8643,135.046875,19.23
8644,135.0625,20.71
8645,135.078125,21.85
8646,135.09375,22.62
8647,135.109375,23.05
8648,135.125,23.19
8649,135.140625,23.05
8650,135.15625,22.67
8651,135.171875,22.16
8652,135.1875,21.62
8653,135.203125,21.08
8654,135.21875,20.52
8655,135.234375,19.82
8656,135.25,18.75
8657,135.265625,17.14
8658,135.28125,14.91
8659,135.296875,12.1
8660,135.3125,8.91
8661,135.328125,5.56
8662,135.34375,2.24
8663,135.359375,-0.87
8664,135.375,-3.65
8665,135.390625,-6.16
8666,135.40625,-8.64
8667,135.421875,-11.42
8668,135.4375,-14.85
8669,135.453125,-18.96
8670,135.46875,-23.35
8671,135.484375,-27.24
8672,135.5,-29.74
8673,135.515625,-30.11
8674,135.53125,-28.19
8675,135.546875,-24.36
8676,135.5625,-19.4
8677,135.578125,-14.16
8678,135.59375,-9.29
8679,135.609375,-5.11
8680,135.625,-1.61
8681,135.640625,1.31
8682,135.65625,3.82
8683,135.671875,6.0
8684,135.6875,7.88
8685,135.703125,9.5
8686,135.71875,10.82
8687,135.734375,11.82
8688,135.75,12.43
8689,135.765625,12.64
8690,135.78125,12.46
8691,135.796875,11.99
8692,135.8125,11.39
8693,135.828125,10.81
8694,135.84375,10.32
8695,135.859375,9.87
8696,135.875,9.35
8697,135.890625,8.61
8698,135.90625,7.58
8699,135.921875,6.25
8700,135.9375,4.69
8701,135.953125,2.93
8702,135.96875,1.0
8703,135.984375,-1.09
8704,136.0,-3.35
8705,136.015625,-5.73
8706,136.03125,-8.19
8707,136.046875,-10.75
8708,136.0625,-13.52
8709,136.078125,-16.55
8710,136.09375,-19.84
8711,136.109375,-23.11
8712,136.125,-25.8
8713,136.140625,-27.31
8714,136.15625,-27.09
8715,136.171875,-24.9
8716,136.1875,-20.97
8717,136.203125,-15.91
8718,136.21875,-10.49
8719,136.234375,-5.45
8720,136.25,-1.26
8721,136.265625,1.94
8722,136.28125,4.25
8723,136.296875,5.94
8724,136.3125,7.28
8725,136.328125,8.41
8726,136.34375,9.4
8727,136.359375,10.22
8728,136.375,10.86
8729,136.390625,11.31
8730,136.40625,11.66
8731,136.421875,11.93
8732,136.4375,12.17
8733,136.453125,12.37
8734,136.46875,12.45
8735,136.484375,12.4
8736,136.5,12.19
8737,136.515625,11.84
8738,136.53125,11.32
8739,136.546875,10.61
8740,136.5625,9.57
8741,136.578125,8.12
8742,136.59375,6.15
8743,136.609375,3.66
8744,136.625,0.78
8745,136.640625,-2.34
8746,136.65625,-5.54
8747,136.671875,-8.75
8748,136.6875,-11.98
8749,136.703125,-15.35
8750,136.71875,-18.92
8751,136.734375,-22.57
8752,136.75,-25.91
8753,136.765625,-28.33
8754,136.78125,-29.25
8755,136.796875,-28.33
8756,136.8125,-25.67
8757,136.828125,-21.71
8758,136.84375,-17.12
8759,136.859375,-12.5
8760,136.875,-8.21
8761,136.890625,-4.38
8762,136.90625,-0.97
8763,136.921875,2.09
8764,136.9375,4.8
8765,136.953125,7.17
8766,136.96875,9.17
8767,136.984375,10.82
8768,137.0,12.17
8769,137.015625,13.27
8770,137.03125,14.14
8771,137.046875,14.83
8772,137.0625,15.41
8773,137.078125,15.95
8774,137.09375,16.45
8775,137.109375,16.88
8776,137.125,17.14
8777,137.140625,17.11
8778,137.15625,16.71
8779,137.171875,15.87
8780,137.1875,14.57
8781,137.203125,12.8
8782,137.21875,10.58
8783,137.234375,8.0
8784,137.25,5.17
8785,137.265625,2.24
8786,137.28125,-0.67
8787,137.296875,-3.54
8788,137.3125,-6.44
8789,137.328125,-9.48
8790,137.34375,-12.77
8791,137.359375,-16.32
8792,137.375,-19.99
8793,137.390625,-23.48
8794,137.40625,-26.34
8795,137.421875,-28.08
8796,137.4375,-28.32
8797,137.453125,-26.87
8798,137.46875,-23.79
8799,137.484375,-19.42
8800,137.5,-14.29
8801,137.515625,-8.97
8802,137.53125,-3.93
8803,137.546875,0.45
8804,137.5625,3.97
8805,137.578125,6.62
8806,137.59375,8.54
8807,137.609375,9.96
8808,137.625,11.11
8809,137.640625,12.19
8810,137.65625,13.18
8811,137.671875,13.92
8812,137.6875,14.25
8813,137.703125,14.04
8814,137.71875,13.39
8815,137.734375,12.57
8816,137.75,11.87
8817,137.765625,11.46
8818,137.78125,11.36
8819,137.796875,11.33
8820,137.8125,11.08
8821,137.828125,10.39
8822,137.84375,9.22
8823,137.859375,7.58
8824,137.875,5.59
8825,137.890625,3.29
8826,137.90625,0.75
8827,137.921875,-1.92
8828,137.9375,-4.54
8829,137.953125,-6.92
8830,137.96875,-8.9
8831,137.984375,-10.59
8832,138.0,-12.25
8833,138.015625,-14.27
8834,138.03125,-16.87
8835,138.046875,-19.91
8836,138.0625,-22.87
8837,138.078125,-25.0
8838,138.09375,-25.59
8839,138.109375,-24.28
8840,138.125,-21.2
8841,138.140625,-16.89
8842,138.15625,-12.08
8843,138.171875,-7.48
8844,138.1875,-3.6
8845,138.203125,-0.66
8846,138.21875,1.34
8847,138.234375,2.62
8848,138.25,3.5
8849,138.265625,4.29
8850,138.28125,5.19
8851,138.296875,6.26
8852,138.3125,7.35
8853,138.328125,8.25
8854,138.34375,8.78
8855,138.359375,8.95
8856,138.375,8.92
8857,138.390625,8.91
8858,138.40625,9.04
8859,138.421875,9.24
8860,138.4375,9.24
8861,138.453125,8.75
8862,138.46875,7.6
8863,138.484375,5.78
8864,138.5,3.49
8865,138.515625,0.96
8866,138.53125,-1.59
8867,138.546875,-4.09
8868,138.5625,-6.52
8869,138.578125,-8.9
8870,138.59375,-11.26
8871,138.609375,-13.56
8872,138.625,-15.8
8873,138.640625,-18.04
8874,138.65625,-20.37
8875,138.671875,-22.79
8876,138.6875,-25.1
8877,138.703125,-26.83
8878,138.71875,-27.43
8879,138.734375,-26.41
8880,138.75,-23.65
8881,138.765625,-19.48
8882,138.78125,-14.58
8883,138.796875,-9.74
8884,138.8125,-5.55
8885,138.828125,-2.24
8886,138.84375,0.29
8887,138.859375,2.29
8888,138.875,4.03
8889,138.890625,5.61
8890,138.90625,7.02
8891,138.921875,8.14
8892,138.9375,8.92
8893,138.953125,9.35
8894,138.96875,9.5
8895,138.984375,9.51
8896,139.0,9.49
8897,139.015625,9.53
8898,139.03125,9.58
8899,139.046875,9.55
8900,139.0625,9.28
8901,139.078125,8.66
8902,139.09375,7.68
8903,139.109375,6.41
8904,139.125,4.97
8905,139.140625,3.43
8906,139.15625,1.81
8907,139.171875,0.05
8908,139.1875,-1.94
8909,139.203125,-4.19
8910,139.21875,-6.64
8911,139.234375,-9.24
8912,139.25,-12.0
8913,139.265625,-15.0
8914,139.28125,-18.29
8915,139.296875,-21.8
8916,139.3125,-25.19
8917,139.328125,-27.89
8918,139.34375,-29.26
8919,139.359375,-28.84
8920,139.375,-26.54
8921,139.390625,-22.69
8922,139.40625,-17.95
8923,139.421875,-13.01
8924,139.4375,-8.42
8925,139.453125,-4.42
8926,139.46875,-1.02
8927,139.484375,1.9
8928,139.5,4.47
8929,139.515625,6.72
8930,139.53125,8.7
8931,139.546875,10.39
8932,139.5625,11.82
8933,139.578125,12.98
8934,139.59375,13.88
8935,139.609375,14.45
8936,139.625,14.66
8937,139.640625,14.46
8938,139.65625,13.87
8939,139.671875,13.09
8940,139.6875,12.33
8941,139.703125,11.81
8942,139.71875,11.59
8943,139.734375,11.56
8944,139.75,11.4
8945,139.765625,10.75
8946,139.78125,9.36
8947,139.796875,7.23
8948,139.8125,4.6
8949,139.828125,1.81
8950,139.84375,-0.86
8951,139.859375,-3.32
8952,139.875,-5.6
8953,139.890625,-7.82
8954,139.90625,-10.14
8955,139.921875,-12.61
8956,139.9375,-15.32
8957,139.953125,-18.29
8958,139.96875,-21.41
8959,139.984375,-24.35
8960,140.0,-26.6
8961,140.015625,-27.57
8962,140.03125,-26.84
8963,140.046875,-24.32
8964,140.0625,-20.36
8965,140.078125,-15.55
8966,140.09375,-10.58
8967,140.109375,-5.95
8968,140.125,-1.92
8969,140.140625,1.55
8970,140.15625,4.6
8971,140.171875,7.35
8972,140.1875,9.87
8973,140.203125,12.09
8974,140.21875,13.92
8975,140.234375,15.32
8976,140.25,16.33
8977,140.265625,17.04
8978,140.28125,17.57
8979,140.296875,18.0
8980,140.3125,18.28
8981,140.328125,18.32
8982,140.34375,18.04
8983,140.359375,17.47
8984,140.375,16.81
8985,140.390625,16.27
8986,140.40625,15.97
8987,140.421875,15.81
8988,140.4375,15.51
8989,140.453125,14.72
8990,140.46875,13.17
8991,140.484375,10.85
8992,140.5,7.99
8993,140.515625,4.93
8994,140.53125,1.98
8995,140.546875,-0.73
8996,140.5625,-3.23
8997,140.578125,-5.64
8998,140.59375,-8.1
8999,140.609375,-10.72
9000,140.625,-13.59
9001,140.640625,-16.8
9002,140.65625,-20.31
9003,140.671875,-23.91
9004,140.6875,-27.15
9005,140.703125,-29.39
9006,140.71875,-30.02
9007,140.734375,-28.66
9008,140.75,-25.36
9009,140.765625,-20.63
9010,140.78125,-15.22
9011,140.796875,-9.89
9012,140.8125,-5.19
9013,140.828125,-1.35
9014,140.84375,1.64
9015,140.859375,3.92
9016,140.875,5.7
9017,140.890625,7.21
9018,140.90625,8.66
9019,140.921875,10.24
9020,140.9375,12.02
9021,140.953125,13.94
9022,140.96875,15.77
9023,140.984375,17.25
9024,141.0,18.13
9025,141.015625,18.31
9026,141.03125,17.86
9027,141.046875,16.95
9028,141.0625,15.77
9029,141.078125,14.48
9030,141.09375,13.19
9031,141.109375,11.93
9032,141.125,10.67
9033,141.140625,9.34
9034,141.15625,7.78
9035,141.171875,5.87
9036,141.1875,3.62
9037,141.203125,1.14
9038,141.21875,-1.36
9039,141.234375,-3.7
9040,141.25,-5.76
9041,141.265625,-7.65
9042,141.28125,-9.58
9043,141.296875,-11.86
9044,141.3125,-14.75
9045,141.328125,-18.32
9046,141.34375,-22.3
9047,141.359375,-26.15
9048,141.375,-29.13
9049,141.390625,-30.52
9050,141.40625,-29.87
9051,141.421875,-27.19
9052,141.4375,-22.99
9053,141.453125,-18.11
9054,141.46875,-13.35
9055,141.484375,-9.28
9056,141.5,-6.02
9057,141.515625,-3.36
9058,141.53125,-0.99
9059,141.546875,1.34
9060,141.5625,3.67
9061,141.578125,5.86
9062,141.59375,7.74
9063,141.609375,9.11
9064,141.625,9.92
9065,141.640625,10.26
9066,141.65625,10.31
9067,141.671875,10.28
9068,141.6875,10.33
9069,141.703125,10.52
9070,141.71875,10.76
9071,141.734375,10.89
9072,141.75,10.76
9073,141.765625,10.3
9074,141.78125,9.49
9075,141.796875,8.38
9076,141.8125,6.93
9077,141.828125,5.07
9078,141.84375,2.74
9079,141.859375,-0.02
9080,141.875,-3.03
9081,141.890625,-6.01
9082,141.90625,-8.71
9083,141.921875,-11.08
9084,141.9375,-13.31
9085,141.953125,-15.78
9086,141.96875,-18.77
9087,141.984375,-22.35
9088,142.0,-26.15
9089,142.015625,-29.48
9090,142.03125,-31.54
9091,142.046875,-31.68
9092,142.0625,-29.67
9093,142.078125,-25.8
9094,142.09375,-20.67
9095,142.109375,-15.06
9096,142.125,-9.64
9097,142.140625,-4.83
9098,142.15625,-0.79
9099,142.171875,2.51
9100,142.1875,5.23
9101,142.203125,7.57
9102,142.21875,9.7
9103,142.234375,11.76
9104,142.25,13.74
9105,142.265625,15.54
9106,142.28125,17.01
9107,142.296875,18.01
9108,142.3125,18.51
9109,142.328125,18.63
9110,142.34375,18.59
9111,142.359375,18.58
9112,142.375,18.69
9113,142.390625,18.86
9114,142.40625,18.89
9115,142.421875,18.53
9116,142.4375,17.59
9117,142.453125,15.95
9118,142.46875,13.68
9119,142.484375,10.89
9120,142.5,7.82
9121,142.515625,4.67
9122,142.53125,1.65
9123,142.546875,-1.11
9124,142.5625,-3.62
9125,142.578125,-5.96
9126,142.59375,-8.34
9127,142.609375,-10.97
9128,142.625,-14.09
9129,142.640625,-17.76
9130,142.65625,-21.84
9131,142.671875,-25.89
9132,142.6875,-29.29
9133,142.703125,-31.32
9134,142.71875,-31.43
9135,142.734375,-29.44
9136,142.75,-25.58
9137,142.765625,-20.45
9138,142.78125,-14.82
9139,142.796875,-9.4
9140,142.8125,-4.64
9141,142.828125,-0.71
9142,142.84375,2.47
9143,142.859375,5.1
9144,142.875,7.36
9145,142.890625,9.39
9146,142.90625,11.24
9147,142.921875,12.88
9148,142.9375,14.31
9149,142.953125,15.5
9150,142.96875,16.49
9151,142.984375,17.28
9152,143.0,17.92
9153,143.015625,18.42
9154,143.03125,18.82
9155,143.046875,19.12
9156,143.0625,19.33
9157,143.078125,19.44
9158,143.09375,19.44
9159,143.109375,19.3
9160,143.125,18.96
9161,143.140625,18.25
9162,143.15625,16.97
9163,143.171875,15.01
9164,143.1875,12.33
9165,143.203125,9.11
9166,143.21875,5.66
9167,143.234375,2.27
9168,143.25,-0.88
9169,143.265625,-3.81
9170,143.28125,-6.69
9171,143.296875,-9.77
9172,143.3125,-13.21
9173,143.328125,-17.13
9174,143.34375,-21.43
9175,143.359375,-25.9
9176,143.375,-30.12
9177,143.390625,-33.49
9178,143.40625,-35.37
9179,143.421875,-35.18
9180,143.4375,-32.73
9181,143.453125,-28.29
9182,143.46875,-22.55
9183,143.484375,-16.35
9184,143.5,-10.45
9185,143.515625,-5.26
9186,143.53125,-0.9
9187,143.546875,2.72
9188,143.5625,5.74
9189,143.578125,8.22
9190,143.59375,10.24
9191,143.609375,11.83
9192,143.625,13.16
9193,143.640625,14.31
9194,143.65625,15.37
9195,143.671875,16.28
9196,143.6875,16.92
9197,143.703125,17.24
9198,143.71875,17.25
9199,143.734375,17.07
9200,143.75,16.82
9201,143.765625,16.61
9202,143.78125,16.38
9203,143.796875,15.95
9204,143.8125,15.14
9205,143.828125,13.79
9206,143.84375,11.91
9207,143.859375,9.62
9208,143.875,7.07
9209,143.890625,4.41
9210,143.90625,1.69
9211,143.921875,-1.11
9212,143.9375,-4.05
9213,143.953125,-7.16
9214,143.96875,-10.5
9215,143.984375,-14.13
9216,144.0,-18.06
9217,144.015625,-22.2
9218,144.03125,-26.21
9219,144.046875,-29.54
9220,144.0625,-31.49
9221,144.078125,-31.43
9222,144.09375,-29.13
9223,144.109375,-24.8
9224,144.125,-19.13
9225,144.140625,-13.03
9226,144.15625,-7.31
9227,144.171875,-2.46
9228,144.1875,1.44
9229,144.203125,4.59
9230,144.21875,7.3
9231,144.234375,9.81
9232,144.25,12.17
9233,144.265625,14.3
9234,144.28125,16.08
9235,144.296875,17.37
9236,144.3125,18.16
9237,144.328125,18.52
9238,144.34375,18.56
9239,144.359375,18.4
9240,144.375,18.06
9241,144.390625,17.5
9242,144.40625,16.64
9243,144.421875,15.38
9244,144.4375,13.73
9245,144.453125,11.77
9246,144.46875,9.61
9247,144.484375,7.32
9248,144.5,4.92
9249,144.515625,2.31
9250,144.53125,-0.55
9251,144.546875,-3.66
9252,144.5625,-6.94
9253,144.578125,-10.28
9254,144.59375,-13.63
9255,144.609375,-17.08
9256,144.625,-20.79
9257,144.640625,-24.88
9258,144.65625,-29.19
9259,144.671875,-33.21
9260,144.6875,-36.14
9261,144.703125,-37.17
9262,144.71875,-35.76
9263,144.734375,-31.91
9264,144.75,-26.13
9265,144.765625,-19.28
9266,144.78125,-12.3
9267,144.796875,-5.99
9268,144.8125,-0.76
9269,144.828125,3.27
9270,144.84375,6.29
9271,144.859375,8.62
9272,144.875,10.61
9273,144.890625,12.55
9274,144.90625,14.55
9275,144.921875,16.56
9276,144.9375,18.33
9277,144.953125,19.63
9278,144.96875,20.34
9279,144.984375,20.54
9280,145.0,20.42
9281,145.015625,20.22
9282,145.03125,20.09
9283,145.046875,19.99
9284,145.0625,19.82
9285,145.078125,19.43
9286,145.09375,18.71
9287,145.109375,17.65
9288,145.125,16.28
9289,145.140625,14.63
9290,145.15625,12.67
9291,145.171875,10.38
9292,145.1875,7.77
9293,145.203125,4.92
9294,145.21875,1.87
9295,145.234375,-1.37
9296,145.25,-4.94
9297,145.265625,-8.98
9298,145.28125,-13.56
9299,145.296875,-18.49
9300,145.3125,-23.22
9301,145.328125,-26.93
9302,145.34375,-28.79
9303,145.359375,-28.23
9304,145.375,-25.21
9305,145.390625,-20.2
9306,145.40625,-13.99
9307,145.421875,-7.48
9308,145.4375,-1.36
9309,145.453125,3.95
9310,145.46875,8.34
9311,145.484375,11.89
9312,145.5,14.74
9313,145.515625,17.12
9314,145.53125,19.2
9315,145.546875,21.12
9316,145.5625,22.9
9317,145.578125,24.41
9318,145.59375,25.43
9319,145.609375,25.84
9320,145.625,25.67
9321,145.640625,25.12
9322,145.65625,24.47
9323,145.671875,23.87
9324,145.6875,23.28
9325,145.703125,22.48
9326,145.71875,21.26
9327,145.734375,19.54
9328,145.75,17.44
9329,145.765625,15.19
9330,145.78125,12.91
9331,145.796875,10.56
9332,145.8125,7.86
9333,145.828125,4.5
9334,145.84375,0.29
9335,145.859375,-4.81
9336,145.875,-10.59
9337,145.890625,-16.78
9338,145.90625,-22.96
9339,145.921875,-28.68
9340,145.9375,-33.4
9341,145.953125,-36.55
9342,145.96875,-37.63
9343,145.984375,-36.39
9344,146.0,-32.97
9345,146.015625,-27.89
9346,146.03125,-21.96
9347,146.046875,-16.04
9348,146.0625,-10.77
9349,146.078125,-6.45
9350,146.09375,-3.01
9351,146.109375,-0.16
9352,146.125,2.41
9353,146.140625,4.8
9354,146.15625,6.93
9355,146.171875,8.48
9356,146.1875,9.28
9357,146.203125,9.3
9358,146.21875,8.85
9359,146.234375,8.33
9360,146.25,8.09
9361,146.265625,8.16
9362,146.28125,8.32
9363,146.296875,8.21
9364,146.3125,7.55
9365,146.328125,6.26
9366,146.34375,4.52
9367,146.359375,2.6
9368,146.375,0.7
9369,146.390625,-1.09
9370,146.40625,-2.86
9371,146.421875,-4.74
9372,146.4375,-6.87
9373,146.453125,-9.41
9374,146.46875,-12.53
9375,146.484375,-16.36
9376,146.5,-20.89
9377,146.515625,-25.81
9378,146.53125,-30.43
9379,146.546875,-33.78
9380,146.5625,-34.92
9381,146.578125,-33.33
9382,146.59375,-29.12
9383,146.609375,-23.06
9384,146.625,-16.29
9385,146.640625,-9.94
9386,146.65625,-4.68
9387,146.671875,-0.6
9388,146.6875,2.63
9389,146.703125,5.5
9390,146.71875,8.36
9391,146.734375,11.17
9392,146.75,13.72
9393,146.765625,15.66
9394,146.78125,16.8
9395,146.796875,17.19
9396,146.8125,17.05
9397,146.828125,16.68
9398,146.84375,16.29
9399,146.859375,15.95
9400,146.875,15.63
9401,146.890625,15.22
9402,146.90625,14.56
9403,146.921875,13.5
9404,146.9375,11.92
9405,146.953125,9.79
9406,146.96875,7.17
9407,146.984375,4.25
9408,147.0,1.22
9409,147.015625,-1.82
9410,147.03125,-4.91
9411,147.046875,-8.24
9412,147.0625,-12.03
9413,147.078125,-16.34
9414,147.09375,-21.03
9415,147.109375,-25.71
9416,147.125,-29.82
9417,147.140625,-32.81
9418,147.15625,-34.24
9419,147.171875,-33.8
9420,147.1875,-31.48
9421,147.203125,-27.47
9422,147.21875,-22.15
9423,147.234375,-16.07
9424,147.25,-9.83
9425,147.265625,-3.97
9426,147.28125,1.11
9427,147.296875,5.29
9428,147.3125,8.7
9429,147.328125,11.67
9430,147.34375,14.54
9431,147.359375,17.46
9432,147.375,20.38
9433,147.390625,23.02
9434,147.40625,25.04
9435,147.421875,26.23
9436,147.4375,26.66
9437,147.453125,26.62
9438,147.46875,26.43
9439,147.484375,26.27
9440,147.5,26.12
9441,147.515625,25.78
9442,147.53125,25.03
9443,147.546875,23.74
9444,147.5625,21.9
9445,147.578125,19.61
9446,147.59375,16.95
9447,147.609375,13.96
9448,147.625,10.72
9449,147.640625,7.27
9450,147.65625,3.73
9451,147.671875,0.18
9452,147.6875,-3.31
9453,147.703125,-6.82
9454,147.71875,-10.58
9455,147.734375,-14.82
9456,147.75,-19.62
9457,147.765625,-24.7
9458,147.78125,-29.4
9459,147.796875,-32.75
9460,147.8125,-33.88
9461,147.828125,-32.33
9462,147.84375,-28.24
9463,147.859375,-22.31
9464,147.875,-15.52
9465,147.890625,-8.78
9466,147.90625,-2.68
9467,147.921875,2.55
9468,147.9375,6.92
9469,147.953125,10.57
9470,147.96875,13.68
9471,147.984375,16.41
9472,148.0,18.88
9473,148.015625,21.15
9474,148.03125,23.2
9475,148.046875,24.88
9476,148.0625,26.06
9477,148.078125,26.68
9478,148.09375,26.82
9479,148.109375,26.65
9480,148.125,26.37
9481,148.140625,26.1
9482,148.15625,25.8
9483,148.171875,25.39
9484,148.1875,24.69
9485,148.203125,23.57
9486,148.21875,21.92
9487,148.234375,19.73
9488,148.25,17.1
9489,148.265625,14.18
9490,148.28125,11.13
9491,148.296875,8.06
9492,148.3125,5.03
9493,148.328125,1.95
9494,148.34375,-1.35
9495,148.359375,-5.09
9496,148.375,-9.42
9497,148.390625,-14.36
9498,148.40625,-19.7
9499,148.421875,-24.91
9500,148.4375,-29.28
9501,148.453125,-31.96
9502,148.46875,-32.3
9503,148.484375,-30.07
9504,148.5,-25.57
9505,148.515625,-19.55
9506,148.53125,-13.02
9507,148.546875,-6.89
9508,148.5625,-1.77
9509,148.578125,2.17
9510,148.59375,5.1
9511,148.609375,7.35
9512,148.625,9.24
9513,148.640625,10.99
9514,148.65625,12.63
9515,148.671875,14.07
9516,148.6875,15.16
9517,148.703125,15.87
9518,148.71875,16.29
9519,148.734375,16.61
9520,148.75,17.04
9521,148.765625,17.63
9522,148.78125,18.29
9523,148.796875,18.75
9524,148.8125,18.69
9525,148.828125,17.92
9526,148.84375,16.44
9527,148.859375,14.41
9528,148.875,12.08
9529,148.890625,9.6
9530,148.90625,7.03
9531,148.921875,4.34
9532,148.9375,1.46
9533,148.953125,-1.65
9534,148.96875,-5.06
9535,148.984375,-8.87
9536,149.0,-13.18
9537,149.015625,-17.95
9538,149.03125,-22.95
9539,149.046875,-27.62
9540,149.0625,-31.17
9541,149.078125,-32.77
9542,149.09375,-31.93
9543,149.109375,-28.66
9544,149.125,-23.53
9545,149.140625,-17.5
9546,149.15625,-11.49
9547,149.171875,-6.13
9548,149.1875,-1.61
9549,149.203125,2.25
9550,149.21875,5.78
9551,149.234375,9.21
9552,149.25,12.57
9553,149.265625,15.71
9554,149.28125,18.39
9555,149.296875,20.5
9556,149.3125,22.01
9557,149.328125,23.0
9558,149.34375,23.49
9559,149.359375,23.45
9560,149.375,22.87
9561,149.390625,21.82
9562,149.40625,20.45
9563,149.421875,19.0
9564,149.4375,17.61
9565,149.453125,16.31
9566,149.46875,14.97
9567,149.484375,13.38
9568,149.5,11.38
9569,149.515625,8.97
9570,149.53125,6.3
9571,149.546875,3.59
9572,149.5625,0.97
9573,149.578125,-1.55
9574,149.59375,-4.12
9575,149.609375,-6.95
9576,149.625,-10.27
9577,149.640625,-14.18
9578,149.65625,-18.6
9579,149.671875,-23.23
9580,149.6875,-27.56
9581,149.703125,-30.92
9582,149.71875,-32.64
9583,149.734375,-32.23
9584,149.75,-29.57
9585,149.765625,-24.94
9586,149.78125,-19.02
9587,149.796875,-12.66
9588,149.8125,-6.62
9589,149.828125,-1.44
9590,149.84375,2.74
9591,149.859375,6.09
9592,149.875,8.95
9593,149.890625,11.6
9594,149.90625,14.22
9595,149.921875,16.78
9596,149.9375,19.19
9597,149.953125,21.29
9598,149.96875,22.98
9599,149.984375,24.19
9600,150.0,24.95
9601,150.015625,25.24
9602,150.03125,25.08
9603,150.046875,24.52
9604,150.0625,23.67
9605,150.078125,22.64
9606,150.09375,21.55
9607,150.109375,20.47
9608,150.125,19.36
9609,150.140625,18.1
9610,150.15625,16.52
9611,150.171875,14.49
9612,150.1875,12.02
9613,150.203125,9.19
9614,150.21875,6.14
9615,150.234375,2.97
9616,150.25,-0.26
9617,150.265625,-3.56
9618,150.28125,-6.97
9619,150.296875,-10.57
9620,150.3125,-14.43
9621,150.328125,-18.52
9622,150.34375,-22.68
9623,150.359375,-26.53
9624,150.375,-29.41
9625,150.390625,-30.61
9626,150.40625,-29.62
9627,150.421875,-26.4
9628,150.4375,-21.44
9629,150.453125,-15.64
9630,150.46875,-9.98
9631,150.484375,-5.15
9632,150.5,-1.4
9633,150.515625,1.48
9634,150.53125,3.89
9635,150.546875,6.18
9636,150.5625,8.52
9637,150.578125,10.88
9638,150.59375,13.12
9639,150.609375,15.07
9640,150.625,16.61
9641,150.640625,17.65
9642,150.65625,18.23
9643,150.671875,18.38
9644,150.6875,18.21
9645,150.703125,17.85
9646,150.71875,17.41
9647,150.734375,16.96
9648,150.75,16.51
9649,150.765625,16.05
9650,150.78125,15.53
9651,150.796875,14.83
9652,150.8125,13.81
9653,150.828125,12.29
9654,150.84375,10.14
9655,150.859375,7.37
9656,150.875,4.12
9657,150.890625,0.7
9658,150.90625,-2.56
9659,150.921875,-5.47
9660,150.9375,-8.02
9661,150.953125,-10.43
9662,150.96875,-12.96
9663,150.984375,-15.77
9664,151.0,-18.74
9665,151.015625,-21.44
9666,151.03125,-23.19
9667,151.046875,-23.31
9668,151.0625,-21.45
9669,151.078125,-17.63
9670,151.09375,-12.34
9671,151.109375,-6.4
9672,151.125,-0.68
9673,151.140625,4.11
9674,151.15625,7.65
9675,151.171875,9.95
9676,151.1875,11.4
9677,151.203125,12.44
9678,151.21875,13.41
9679,151.234375,14.49
9680,151.25,15.64
9681,151.265625,16.71
9682,151.28125,17.61
9683,151.296875,18.41
9684,151.3125,19.25
9685,151.328125,20.29
9686,151.34375,21.57
9687,151.359375,22.96
9688,151.375,24.17
9689,151.390625,24.88
9690,151.40625,24.9
9691,151.421875,24.2
9692,151.4375,22.89
9693,151.453125,21.17
9694,151.46875,19.25
9695,151.484375,17.27
9696,151.5,15.31
9697,151.515625,13.29
9698,151.53125,11.0
9699,151.546875,8.15
9700,151.5625,4.5
9701,151.578125,0.02
9702,151.59375,-5.02
9703,151.609375,-10.01
9704,151.625,-14.19
9705,151.640625,-16.85
9706,151.65625,-17.54
9707,151.671875,-16.22
9708,151.6875,-13.21
9709,151.703125,-9.09
9710,151.71875,-4.51
9711,151.734375,-0.06
9712,151.75,3.84
9713,151.765625,7.0
9714,151.78125,9.42
9715,151.796875,11.26
9716,151.8125,12.69
9717,151.828125,13.89
9718,151.84375,14.95
9719,151.859375,15.86
9720,151.875,16.57
9721,151.890625,17.0
9722,151.90625,17.13
9723,151.921875,17.02
9724,151.9375,16.78
9725,151.953125,16.48
9726,151.96875,16.11
9727,151.984375,15.52
9728,152.0,14.52
9729,152.015625,12.97
9730,152.03125,10.93
9731,152.046875,8.65
9732,152.0625,6.38
9733,152.078125,4.27
9734,152.09375,2.21
9735,152.109375,-0.06
9736,152.125,-2.77
9737,152.140625,-6.04
9738,152.15625,-9.77
9739,152.171875,-13.82
9740,152.1875,-18.07
9741,152.203125,-22.4
9742,152.21875,-26.57
9743,152.234375,-30.11
9744,152.25,-32.35
9745,152.265625,-32.65
9746,152.28125,-30.73
9747,152.296875,-26.77
9748,152.3125,-21.41
9749,152.328125,-15.53
9750,152.34375,-9.9
9751,152.359375,-5.0
9752,152.375,-1.02
9753,152.390625,2.13
9754,152.40625,4.7
9755,152.421875,6.97
9756,152.4375,9.21
9757,152.453125,11.51
9758,152.46875,13.78
9759,152.484375,15.77
9760,152.5,17.21
9761,152.515625,18.03
9762,152.53125,18.39
9763,152.546875,18.6
9764,152.5625,18.88
9765,152.578125,19.28
9766,152.59375,19.57
9767,152.609375,19.46
9768,152.625,18.72
9769,152.640625,17.3
9770,152.65625,15.25
9771,152.671875,12.69
9772,152.6875,9.69
9773,152.703125,6.33
9774,152.71875,2.74
9775,152.734375,-0.85
9776,152.75,-4.25
9777,152.765625,-7.36
9778,152.78125,-10.25
9779,152.796875,-13.24
9780,152.8125,-16.59
9781,152.828125,-20.48
9782,152.84375,-24.89
9783,152.859375,-29.53
9784,152.875,-33.94
9785,152.890625,-37.51
9786,152.90625,-39.57
9787,152.921875,-39.61
9788,152.9375,-37.37
9789,152.953125,-33.0
9790,152.96875,-27.11
9791,152.984375,-20.6
9792,153.0,-14.36
9793,153.015625,-8.98
9794,153.03125,-4.58
9795,153.046875,-0.96
9796,153.0625,2.22
9797,153.078125,5.17
9798,153.09375,7.87
9799,153.109375,10.19
9800,153.125,11.94
9801,153.140625,13.1
9802,153.15625,13.78
9803,153.171875,14.14
9804,153.1875,14.32
9805,153.203125,14.37
9806,153.21875,14.29
9807,153.234375,14.04
9808,153.25,13.62
9809,153.265625,13.03
9810,153.28125,12.3
9811,153.296875,11.37
9812,153.3125,10.09
9813,153.328125,8.33
9814,153.34375,6.0
9815,153.359375,3.1
9816,153.375,-0.22
9817,153.390625,-3.71
9818,153.40625,-7.16
9819,153.421875,-10.36
9820,153.4375,-13.23
9821,153.453125,-15.75
9822,153.46875,-18.06
9823,153.484375,-20.43
9824,153.5,-23.24
9825,153.515625,-26.83
9826,153.53125,-31.18
9827,153.546875,-35.89
9828,153.5625,-40.05
9829,153.578125,-42.61
9830,153.59375,-42.71
9831,153.609375,-40.1
9832,153.625,-35.27
9833,153.640625,-29.2
9834,153.65625,-23.08
9835,153.671875,-17.83
9836,153.6875,-13.92
9837,153.703125,-11.34
9838,153.71875,-9.75
9839,153.734375,-8.69
9840,153.75,-7.7
9841,153.765625,-6.55
9842,153.78125,-5.23
9843,153.796875,-3.88
9844,153.8125,-2.77
9845,153.828125,-2.05
9846,153.84375,-1.72
9847,153.859375,-1.6
9848,153.875,-1.53
9849,153.890625,-1.43
9850,153.90625,-1.34
9851,153.921875,-1.38
9852,153.9375,-1.65
9853,153.953125,-2.18
9854,153.96875,-2.95
9855,153.984375,-3.91
9856,154.0,-5.1
9857,154.015625,-6.55
9858,154.03125,-8.32
9859,154.046875,-10.37
9860,154.0625,-12.59
9861,154.078125,-14.83
9862,154.09375,-17.01
9863,154.109375,-19.16
9864,154.125,-21.49
9865,154.140625,-24.28
9866,154.15625,-27.73
9867,154.171875,-31.71
9868,154.1875,-35.71
9869,154.203125,-38.84
9870,154.21875,-40.13
9871,154.234375,-38.86
9872,154.25,-34.87
9873,154.265625,-28.72
9874,154.28125,-21.42
9875,154.296875,-14.18
9876,154.3125,-7.96
9877,154.328125,-3.29
9878,154.34375,-0.18
9879,154.359375,1.74
9880,154.375,3.01
9881,154.390625,4.1
9882,154.40625,5.28
9883,154.421875,6.56
9884,154.4375,7.75
9885,154.453125,8.69
9886,154.46875,9.33
9887,154.484375,9.79
9888,154.5,10.26
9889,154.515625,10.9
9890,154.53125,11.68
9891,154.546875,12.37
9892,154.5625,12.66
9893,154.578125,12.3
9894,154.59375,11.16
9895,154.609375,9.29
9896,154.625,6.86
9897,154.640625,4.03
9898,154.65625,0.94
9899,154.671875,-2.36
9900,154.6875,-5.82
9901,154.703125,-9.44
9902,154.71875,-13.18
9903,154.734375,-17.0
9904,154.75,-20.85
9905,154.765625,-24.75
9906,154.78125,-28.75
9907,154.796875,-32.85
9908,154.8125,-36.84
9909,154.828125,-40.2
9910,154.84375,-42.15
9911,154.859375,-41.92
9912,154.875,-39.08
9913,154.890625,-33.86
9914,154.90625,-27.06
9915,154.921875,-19.91
9916,154.9375,-13.51
9917,154.953125,-8.51
9918,154.96875,-4.93
9919,154.984375,-2.29
9920,155.0,0.01
9921,155.015625,2.5
9922,155.03125,5.37
9923,155.046875,8.53
9924,155.0625,11.65
9925,155.078125,14.33
9926,155.09375,16.22
9927,155.109375,17.17
9928,155.125,17.28
9929,155.140625,16.83
9930,155.15625,16.28
9931,155.171875,15.94
9932,155.1875,15.95
9933,155.203125,16.1
9934,155.21875,16.05
9935,155.234375,15.46
9936,155.25,14.2
9937,155.265625,12.3
9938,155.28125,9.9
9939,155.296875,7.2
9940,155.3125,4.25
9941,155.328125,1.11
9942,155.34375,-2.18
9943,155.359375,-5.54
9944,155.375,-8.88
9945,155.390625,-12.23
9946,155.40625,-15.71
9947,155.421875,-19.58
9948,155.4375,-23.98
9949,155.453125,-28.84
9950,155.46875,-33.66
9951,155.484375,-37.6
9952,155.5,-39.7
9953,155.515625,-39.16
9954,155.53125,-35.67
9955,155.546875,-29.55
9956,155.5625,-21.68
9957,155.578125,-13.24
9958,155.59375,-5.39
9959,155.609375,1.09
9960,155.625,5.95
9961,155.640625,9.42
9962,155.65625,11.97
9963,155.671875,14.09
9964,155.6875,16.07
9965,155.703125,17.96
9966,155.71875,19.69
9967,155.734375,21.1
9968,155.75,22.2
9969,155.765625,23.08
9970,155.78125,23.86
9971,155.796875,24.61
9972,155.8125,25.3
9973,155.828125,25.81
9974,155.84375,25.99
9975,155.859375,25.74
9976,155.875,25.01
9977,155.890625,23.75
9978,155.90625,21.96
9979,155.921875,19.61
9980,155.9375,16.76
9981,155.953125,13.48
9982,155.96875,9.91
9983,155.984375,6.23
9984,156.0,2.6
9985,156.015625,-0.83
9986,156.03125,-3.97
9987,156.046875,-6.9
9988,156.0625,-9.82
9989,156.078125,-13.05
9990,156.09375,-16.95
9991,156.109375,-21.71
9992,156.125,-27.16
9993,156.140625,-32.72
9994,156.15625,-37.39
9995,156.171875,-40.13
9996,156.1875,-40.12
9997,156.203125,-37.09
9998,156.21875,-31.37
9999,156.234375,-23.85
10000,156.25,-15.61
10001,156.265625,-7.72
10002,156.28125,-0.98
10003,156.296875,4.21
10004,156.3125,7.82
10005,156.328125,10.12
10006,156.34375,11.61
10007,156.359375,12.81
10008,156.375,14.16
10009,156.390625,15.84
10010,156.40625,17.84
10011,156.421875,19.82
10012,156.4375,21.39
10013,156.453125,22.17
10014,156.46875,22.03
10015,156.484375,21.13
10016,156.5,19.81
10017,156.515625,18.49
10018,156.53125,17.45
10019,156.546875,16.75
10020,156.5625,16.2
10021,156.578125,15.49
10022,156.59375,14.3
10023,156.609375,12.44
10024,156.625,9.89
10025,156.640625,6.75
10026,156.65625,3.21
10027,156.671875,-0.48
10028,156.6875,-4.07
10029,156.703125,-7.38
10030,156.71875,-10.38
10031,156.734375,-13.23
10032,156.75,-16.34
10033,156.765625,-20.2
10034,156.78125,-25.14
10035,156.796875,-30.94
10036,156.8125,-36.79
10037,156.828125,-41.38
10038,156.84375,-43.44
10039,156.859375,-42.15
10040,156.875,-37.48
10041,156.890625,-30.27
10042,156.90625,-21.81
10043,156.921875,-13.43
10044,156.9375,-6.14
10045,156.953125,-0.43
10046,156.96875,3.73
10047,156.984375,6.69
10048,157.0,8.9
10049,157.015625,10.74
10050,157.03125,12.32
10051,157.046875,13.59
10052,157.0625,14.42
10053,157.078125,14.73
10054,157.09375,14.68
10055,157.109375,14.53
10056,157.125,14.58
10057,157.140625,14.91
10058,157.15625,15.32
10059,157.171875,15.44
10060,157.1875,14.94
10061,157.203125,13.7
10062,157.21875,11.89
10063,157.234375,9.79
10064,157.25,7.56
10065,157.265625,5.19
10066,157.28125,2.52
10067,157.296875,-0.61
10068,157.3125,-4.25
10069,157.328125,-8.24
10070,157.34375,-12.44
10071,157.359375,-16.78
10072,157.375,-21.28
10073,157.390625,-26.01
10074,157.40625,-30.89
10075,157.421875,-35.57
10076,157.4375,-39.4
10077,157.453125,-41.54
10078,157.46875,-41.24
10079,157.484375,-38.18
10080,157.5,-32.55
10081,157.515625,-25.05
10082,157.53125,-16.7
10083,157.546875,-8.51
10084,157.5625,-1.25
10085,157.578125,4.67
10086,157.59375,9.24
10087,157.609375,12.75
10088,157.625,15.59
10089,157.640625,18.16
10090,157.65625,20.66
10091,157.671875,23.09
10092,157.6875,25.24
10093,157.703125,26.81
10094,157.71875,27.57
10095,157.734375,27.48
10096,157.75,26.76
10097,157.765625,25.7
10098,157.78125,24.55
10099,157.796875,23.37
10100,157.8125,22.0
10101,157.828125,20.22
10102,157.84375,17.96
10103,157.859375,15.36
10104,157.875,12.68
10105,157.890625,10.21
10106,157.90625,8.04
10107,157.921875,6.05
10108,157.9375,3.99
10109,157.953125,1.56
10110,157.96875,-1.46
10111,157.984375,-5.16
10112,158.0,-9.6
10113,158.015625,-14.73
10114,158.03125,-20.37
10115,158.046875,-26.05
10116,158.0625,-31.02
10117,158.078125,-34.33
10118,158.09375,-35.12
10119,158.109375,-32.92
10120,158.125,-27.9
10121,158.140625,-20.82
10122,158.15625,-12.86
10123,158.171875,-5.2
10124,158.1875,1.31
10125,158.203125,6.34
10126,158.21875,10.06
10127,158.234375,12.9
10128,158.25,15.35
10129,158.265625,17.75
10130,158.28125,20.16
10131,158.296875,22.49
10132,158.3125,24.52
10133,158.328125,26.08
10134,158.34375,27.07
10135,158.359375,27.53
10136,158.375,27.6
10137,158.390625,27.41
10138,158.40625,27.11
10139,158.421875,26.72
10140,158.4375,26.2
10141,158.453125,25.41
10142,158.46875,24.23
10143,158.484375,22.6
10144,158.5,20.53
10145,158.515625,18.11
10146,158.53125,15.45
10147,158.546875,12.63
10148,158.5625,9.72
10149,158.578125,6.74
10150,158.59375,3.73
10151,158.609375,0.68
10152,158.625,-2.49
10153,158.640625,-5.94
10154,158.65625,-9.86
10155,158.671875,-14.44
10156,158.6875,-19.6
10157,158.703125,-24.89
10158,158.71875,-29.48
10159,158.734375,-32.39
10160,158.75,-32.77
10161,158.765625,-30.23
10162,158.78125,-25.0
10163,158.796875,-17.91
10164,158.8125,-10.12
10165,158.828125,-2.73
10166,158.84375,3.5
10167,158.859375,8.31
10168,158.875,11.86
10169,158.890625,14.55
10170,158.90625,16.86
10171,158.921875,19.07
10172,158.9375,21.32
10173,158.953125,23.54
10174,158.96875,25.61
10175,158.984375,27.36
10176,159.0,28.71
10177,159.015625,29.56
10178,159.03125,29.94
10179,159.046875,29.87
10180,159.0625,29.43
10181,159.078125,28.7
10182,159.09375,27.73
10183,159.109375,26.48
10184,159.125,24.88
10185,159.140625,22.8
10186,159.15625,20.15
10187,159.171875,16.94
10188,159.1875,13.31
10189,159.203125,9.48
10190,159.21875,5.69
10191,159.234375,2.13
10192,159.25,-1.09
10193,159.265625,-3.97
10194,159.28125,-6.64
10195,159.296875,-9.31
10196,159.3125,-12.31
10197,159.328125,-15.91
10198,159.34375,-20.23
10199,159.359375,-24.99
10200,159.375,-29.48
10201,159.390625,-32.71
10202,159.40625,-33.73
10203,159.421875,-31.99
10204,159.4375,-27.58
10205,159.453125,-21.25
10206,159.46875,-14.14
10207,159.484375,-7.44
10208,159.5,-1.94
10209,159.515625,2.08
10210,159.53125,4.86
10211,159.546875,6.88
10212,159.5625,8.59
10213,159.578125,10.17
10214,159.59375,11.53
10215,159.609375,12.38
10216,159.625,12.58
10217,159.640625,12.18
10218,159.65625,11.45
10219,159.671875,10.75
10220,159.6875,10.31
10221,159.703125,10.16
10222,159.71875,10.12
10223,159.734375,9.92
10224,159.75,9.38
10225,159.765625,8.47
10226,159.78125,7.23
10227,159.796875,5.76
10228,159.8125,4.12
10229,159.828125,2.29
10230,159.84375,0.29
10231,159.859375,-1.86
10232,159.875,-4.1
10233,159.890625,-6.39
10234,159.90625,-8.83
10235,159.921875,-11.6
10236,159.9375,-14.94
10237,159.953125,-19.03
10238,159.96875,-23.78
10239,159.984375,-28.82
10240,160.0,-33.41
10241,160.015625,-36.63
10242,160.03125,-37.58
10243,160.046875,-35.67
10244,160.0625,-30.9
10245,160.078125,-23.85
10246,160.09375,-15.58
10247,160.109375,-7.36
10248,160.125,-0.21
10249,160.140625,5.33
10250,160.15625,9.29
10251,160.171875,12.15
10252,160.1875,14.49
10253,160.203125,16.73
10254,160.21875,18.96
10255,160.234375,20.96
10256,160.25,22.43
10257,160.265625,23.17
10258,160.28125,23.22
10259,160.296875,22.76
10260,160.3125,22.06
10261,160.328125,21.29
10262,160.34375,20.49
10263,160.359375,19.59
10264,160.375,18.49
10265,160.390625,17.12
10266,160.40625,15.46
10267,160.421875,13.54
10268,160.4375,11.39
10269,160.453125,8.98
10270,160.46875,6.28
10271,160.484375,3.26
10272,160.5,-0.06
10273,160.515625,-3.63
10274,160.53125,-7.36
10275,160.546875,-11.21
10276,160.5625,-15.23
10277,160.578125,-19.49
10278,160.59375,-24.12
10279,160.609375,-29.08
10280,160.625,-34.14
10281,160.640625,-38.67
10282,160.65625,-41.85
10283,160.671875,-42.79
10284,160.6875,-40.9
10285,160.703125,-36.15
10286,160.71875,-29.11
10287,160.734375,-20.84
10288,160.75,-12.52
10289,160.765625,-5.17
10290,160.78125,0.65
10291,160.796875,4.85
10292,160.8125,7.75
10293,160.828125,9.91
10294,160.84375,11.84
10295,160.859375,13.92
10296,160.875,16.27
10297,160.890625,18.76
10298,160.90625,21.14
10299,160.921875,23.08
10300,160.9375,24.37
10301,160.953125,24.95
10302,160.96875,24.93
10303,160.984375,24.55
10304,161.0,24.05
10305,161.015625,23.59
10306,161.03125,23.15
10307,161.046875,22.63
10308,161.0625,21.77
10309,161.078125,20.36
10310,161.09375,18.27
10311,161.109375,15.45
10312,161.125,11.98
10313,161.140625,8.02
10314,161.15625,3.79
10315,161.171875,-0.51
10316,161.1875,-4.64
10317,161.203125,-8.54
10318,161.21875,-12.21
10319,161.234375,-15.85
10320,161.25,-19.72
10321,161.265625,-24.01
10322,161.28125,-28.66
10323,161.296875,-33.2
10324,161.3125,-36.79
10325,161.328125,-38.43
10326,161.34375,-37.35
10327,161.359375,-33.23
10328,161.375,-26.43
10329,161.390625,-17.88
10330,161.40625,-8.81
10331,161.421875,-0.38
10332,161.4375,6.67
10333,161.453125,12.08
10334,161.46875,16.07
10335,161.484375,19.02
10336,161.5,21.28
10337,161.515625,23.05
10338,161.53125,24.43
10339,161.546875,25.46
10340,161.5625,26.26
10341,161.578125,26.97
10342,161.59375,27.65
10343,161.609375,28.28
10344,161.625,28.67
10345,161.640625,28.59
10346,161.65625,27.93
10347,161.671875,26.73
10348,161.6875,25.22
10349,161.703125,23.68
10350,161.71875,22.35
10351,161.734375,21.26
10352,161.75,20.25
10353,161.765625,18.99
10354,161.78125,17.13
10355,161.796875,14.49
10356,161.8125,11.08
10357,161.828125,7.15
10358,161.84375,3.04
10359,161.859375,-0.95
10360,161.875,-4.74
10361,161.890625,-8.43
10362,161.90625,-12.3
10363,161.921875,-16.69
10364,161.9375,-21.79
10365,161.953125,-27.54
10366,161.96875,-33.5
10367,161.984375,-38.83
10368,162.0,-42.42
10369,162.015625,-43.22
10370,162.03125,-40.56
10371,162.046875,-34.51
10372,162.0625,-25.96
10373,162.078125,-16.37
10374,162.09375,-7.26
10375,162.109375,0.24
10376,162.125,5.7
10377,162.140625,9.4
10378,162.15625,11.97
10379,162.171875,14.03
10380,162.1875,15.9
10381,162.203125,17.62
10382,162.21875,19.02
10383,162.234375,19.98
10384,162.25,20.43
10385,162.265625,20.4
10386,162.28125,19.97
10387,162.296875,19.22
10388,162.3125,18.19
10389,162.328125,16.97
10390,162.34375,15.64
10391,162.359375,14.34
10392,162.375,13.13
10393,162.390625,11.97
10394,162.40625,10.69
10395,162.421875,9.12
10396,162.4375,7.09
10397,162.453125,4.55
10398,162.46875,1.63
10399,162.484375,-1.46
10400,162.5,-4.53
10401,162.515625,-7.42
10402,162.53125,-10.04
10403,162.546875,-12.5
10404,162.5625,-14.97
10405,162.578125,-17.78
10406,162.59375,-21.22
10407,162.609375,-25.37
10408,162.625,-29.92
10409,162.640625,-34.12
10410,162.65625,-36.93
10411,162.671875,-37.36
10412,162.6875,-34.89
10413,162.703125,-29.68
10414,162.71875,-22.61
10415,162.734375,-14.88
10416,162.75,-7.59
10417,162.765625,-1.49
10418,162.78125,3.13
10419,162.796875,6.38
10420,162.8125,8.51
10421,162.828125,9.74
10422,162.84375,10.3
10423,162.859375,10.35
10424,162.875,10.02
10425,162.890625,9.43
10426,162.90625,8.62
10427,162.921875,7.62
10428,162.9375,6.5
10429,162.953125,5.38
10430,162.96875,4.39
10431,162.984375,3.62
10432,163.0,3.04
10433,163.015625,2.49
10434,163.03125,1.74
10435,163.046875,0.62
10436,163.0625,-0.95
10437,163.078125,-2.95
10438,163.09375,-5.32
10439,163.109375,-8.05
10440,163.125,-11.12
10441,163.140625,-14.47
10442,163.15625,-17.95
10443,163.171875,-21.31
10444,163.1875,-24.38
10445,163.203125,-27.1
10446,163.21875,-29.71
10447,163.234375,-32.6
10448,163.25,-36.14
10449,163.265625,-40.32
10450,163.28125,-44.58
10451,163.296875,-47.81
10452,163.3125,-48.78
10453,163.328125,-46.56
10454,163.34375,-40.99
10455,163.359375,-32.78
10456,163.375,-23.25
10457,163.390625,-13.87
10458,163.40625,-5.74
10459,163.421875,0.68
10460,163.4375,5.54
10461,163.453125,9.29
10462,163.46875,12.44
10463,163.484375,15.28
10464,163.5,17.86
10465,163.515625,20.07
10466,163.53125,21.81
10467,163.546875,23.03
10468,163.5625,23.79
10469,163.578125,24.18
10470,163.59375,24.26
10471,163.609375,24.08
10472,163.625,23.62
10473,163.640625,22.88
10474,163.65625,21.95
10475,163.671875,20.95
10476,163.6875,20.01
10477,163.703125,19.21
10478,163.71875,18.42
10479,163.734375,17.38
10480,163.75,15.77
10481,163.765625,13.31
10482,163.78125,10.0
10483,163.796875,6.1
10484,163.8125,2.05
10485,163.828125,-1.74
10486,163.84375,-4.98
10487,163.859375,-7.7
10488,163.875,-10.2
10489,163.890625,-12.96
10490,163.90625,-16.5
10491,163.921875,-21.11
10492,163.9375,-26.66
10493,163.953125,-32.46
10494,163.96875,-37.37
10495,163.984375,-40.03
10496,164.0,-39.38
10497,164.015625,-35.04
10498,164.03125,-27.52
10499,164.046875,-18.06
10500,164.0625,-8.14
10501,164.078125,0.96
10502,164.09375,8.55
10503,164.109375,14.53
10504,164.125,19.18
10505,164.140625,22.84
10506,164.15625,25.77
10507,164.171875,28.1
10508,164.1875,29.94
10509,164.203125,31.47
10510,164.21875,32.91
10511,164.234375,34.39
10512,164.25,35.92
10513,164.265625,37.26
10514,164.28125,38.12
10515,164.296875,38.23
10516,164.3125,37.58
10517,164.328125,36.37
10518,164.34375,34.98
10519,164.359375,33.8
10520,164.375,32.98
10521,164.390625,32.44
10522,164.40625,31.85
10523,164.421875,30.77
10524,164.4375,28.87
10525,164.453125,26.05
10526,164.46875,22.44
10527,164.484375,18.39
10528,164.5,14.27
10529,164.515625,10.37
10530,164.53125,6.79
10531,164.546875,3.43
10532,164.5625,0.09
10533,164.578125,-3.55
10534,164.59375,-7.75
10535,164.609375,-12.66
10536,164.625,-18.15
10537,164.640625,-23.77
10538,164.65625,-28.74
10539,164.671875,-32.06
10540,164.6875,-32.83
10541,164.703125,-30.48
10542,164.71875,-25.1
10543,164.734375,-17.38
10544,164.75,-8.54
10545,164.765625,0.08
10546,164.78125,7.34
10547,164.796875,12.63
10548,164.8125,15.91
10549,164.828125,17.58
10550,164.84375,18.18
10551,164.859375,18.18
10552,164.875,17.78
10553,164.890625,16.94
10554,164.90625,15.5
10555,164.921875,13.36
10556,164.9375,10.55
10557,164.953125,7.3
10558,164.96875,3.85
10559,164.984375,0.39
10560,165.0,-2.99
10561,165.015625,-6.35
10562,165.03125,-9.79
10563,165.046875,-13.4
10564,165.0625,-17.18
10565,165.078125,-21.1
10566,165.09375,-25.09
10567,165.109375,-29.05
10568,165.125,-32.88
10569,165.140625,-36.52
10570,165.15625,-39.86
10571,165.171875,-42.82
10572,165.1875,-45.32
10573,165.203125,-47.35
10574,165.21875,-48.93
10575,165.234375,-50.27
10576,165.25,-51.69
10577,165.265625,-53.56
10578,165.28125,-56.15
10579,165.296875,-59.43
10580,165.3125,-62.99
10581,165.328125,-66.04
10582,165.34375,-67.62
10583,165.359375,-66.91
10584,165.375,-63.52
10585,165.390625,-57.63
10586,165.40625,-49.94
10587,165.421875,-41.4
10588,165.4375,-32.91
10589,165.453125,-25.09
10590,165.46875,-18.15
10591,165.484375,-11.98
10592,165.5,-6.39
10593,165.515625,-1.22
10594,165.53125,3.56
10595,165.546875,7.85
10596,165.5625,11.56
10597,165.578125,14.59
10598,165.59375,17.0
10599,165.609375,18.82
10600,165.625,20.12
10601,165.640625,20.96
10602,165.65625,21.4
10603,165.671875,21.56
10604,165.6875,21.53
10605,165.703125,21.31
10606,165.71875,20.79
10607,165.734375,19.77
10608,165.75,18.1
10609,165.765625,15.76
10610,165.78125,12.93
10611,165.796875,9.89
10612,165.8125,6.86
10613,165.828125,3.9
10614,165.84375,0.83
10615,165.859375,-2.58
10616,165.875,-6.6
10617,165.890625,-11.32
10618,165.90625,-16.66
10619,165.921875,-22.26
10620,165.9375,-27.52
10621,165.953125,-31.6
10622,165.96875,-33.59
10623,165.984375,-32.74
10624,166.0,-28.76
10625,166.015625,-22.02
10626,166.03125,-13.47
10627,166.046875,-4.41
10628,166.0625,4.0
10629,166.078125,10.99
10630,166.09375,16.34
10631,166.109375,20.29
10632,166.125,23.3
10633,166.140625,25.74
10634,166.15625,27.79
10635,166.171875,29.52
10636,166.1875,30.89
10637,166.203125,31.96
10638,166.21875,32.79
10639,166.234375,33.45
10640,166.25,33.96
10641,166.265625,34.27
10642,166.28125,34.32
10643,166.296875,34.1
10644,166.3125,33.68
10645,166.328125,33.17
10646,166.34375,32.6
10647,166.359375,31.84
10648,166.375,30.58
10649,166.390625,28.52
10650,166.40625,25.46
10651,166.421875,21.48
10652,166.4375,16.87
10653,166.453125,12.03
10654,166.46875,7.27
10655,166.484375,2.67
10656,166.5,-1.84
10657,166.515625,-6.55
10658,166.53125,-11.71
10659,166.546875,-17.54
10660,166.5625,-24.01
10661,166.578125,-30.77
10662,166.59375,-37.08
10663,166.609375,-41.86
10664,166.625,-43.97
10665,166.640625,-42.53
10666,166.65625,-37.36
10667,166.671875,-29.12
10668,166.6875,-19.14
10669,166.703125,-9.01
10670,166.71875,-0.08
10671,166.734375,6.9
10672,166.75,11.86
10673,166.765625,15.18
10674,166.78125,17.44
10675,166.796875,19.11
10676,166.8125,20.53
10677,166.828125,21.9
10678,166.84375,23.29
10679,166.859375,24.76
10680,166.875,26.33
10681,166.890625,27.9
10682,166.90625,29.35
10683,166.921875,30.49
10684,166.9375,31.2
10685,166.953125,31.45
10686,166.96875,31.28
10687,166.984375,30.8
10688,167.0,30.07
10689,167.015625,29.07
10690,167.03125,27.7
10691,167.046875,25.79
10692,167.0625,23.17
10693,167.078125,19.74
10694,167.09375,15.56
10695,167.109375,10.83
10696,167.125,5.87
10697,167.140625,1.06
10698,167.15625,-3.3
10699,167.171875,-7.1
10700,167.1875,-10.39
10701,167.203125,-13.43
10702,167.21875,-16.6
10703,167.234375,-20.29
10704,167.25,-24.78
10705,167.265625,-30.02
10706,167.28125,-35.56
10707,167.296875,-40.51
10708,167.3125,-43.73
10709,167.328125,-44.14
10710,167.34375,-41.18
10711,167.359375,-35.06
10712,167.375,-26.73
10713,167.390625,-17.66
10714,167.40625,-9.21
10715,167.421875,-2.3
10716,167.4375,2.91
10717,167.453125,6.8
10718,167.46875,10.04
10719,167.484375,13.13
10720,167.5,16.25
10721,167.515625,19.3
10722,167.53125,22.03
10723,167.546875,24.29
10724,167.5625,26.06
10725,167.578125,27.43
10726,167.59375,28.52
10727,167.609375,29.33
10728,167.625,29.79
10729,167.640625,29.77
10730,167.65625,29.19
10731,167.671875,28.09
10732,167.6875,26.62
10733,167.703125,24.98
10734,167.71875,23.31
10735,167.734375,21.58
10736,167.75,19.62
10737,167.765625,17.14
10738,167.78125,13.96
10739,167.796875,10.08
10740,167.8125,5.72
10741,167.828125,1.26
10742,167.84375,-2.97
10743,167.859375,-6.82
10744,167.875,-10.34
10745,167.890625,-13.79
10746,167.90625,-17.5
10747,167.921875,-21.71
10748,167.9375,-26.55
10749,167.953125,-31.93
10750,167.96875,-37.49
10751,167.984375,-42.56
10752,168.0,-46.29
10753,168.015625,-47.75
10754,168.03125,-46.28
10755,168.046875,-41.77
10756,168.0625,-34.7
10757,168.078125,-26.15
10758,168.09375,-17.42
10759,168.109375,-9.64
10760,168.125,-3.52
10761,168.140625,0.78
10762,168.15625,3.57
10763,168.171875,5.37
10764,168.1875,6.73
10765,168.203125,8.03
10766,168.21875,9.46
10767,168.234375,11.05
10768,168.25,12.72
10769,168.265625,14.45
10770,168.28125,16.26
10771,168.296875,18.26
10772,168.3125,20.53
10773,168.328125,23.05
10774,168.34375,25.66
10775,168.359375,28.14
10776,168.375,30.21
10777,168.390625,31.65
10778,168.40625,32.29
10779,168.421875,32.04
10780,168.4375,30.8
10781,168.453125,28.5
10782,168.46875,25.17
10783,168.484375,20.97
10784,168.5,16.24
10785,168.515625,11.41
10786,168.53125,6.83
10787,168.546875,2.62
10788,168.5625,-1.38
10789,168.578125,-5.57
10790,168.59375,-10.41
10791,168.609375,-16.22
10792,168.625,-22.91
10793,168.640625,-29.88
10794,168.65625,-36.09
10795,168.671875,-40.31
10796,168.6875,-41.53
10797,168.703125,-39.24
10798,168.71875,-33.7
10799,168.734375,-25.88
10800,168.75,-17.11
10801,168.765625,-8.73
10802,168.78125,-1.68
10803,168.796875,3.7
10804,168.8125,7.58
10805,168.828125,10.46
10806,168.84375,12.8
10807,168.859375,14.93
10808,168.875,16.87
10809,168.890625,18.47
10810,168.90625,19.52
10811,168.921875,19.96
10812,168.9375,19.89
10813,168.953125,19.59
10814,168.96875,19.38
10815,168.984375,19.48
10816,169.0,19.82
10817,169.015625,20.12
10818,169.03125,19.97
10819,169.046875,19.03
10820,169.0625,17.19
10821,169.078125,14.59
10822,169.09375,11.51
10823,169.109375,8.26
10824,169.125,5.06
10825,169.140625,1.94
10826,169.15625,-1.15
10827,169.171875,-4.32
10828,169.1875,-7.67
10829,169.203125,-11.29
10830,169.21875,-15.34
10831,169.234375,-20.02
10832,169.25,-25.44
10833,169.265625,-31.43
10834,169.28125,-37.33
10835,169.296875,-42.01
10836,169.3125,-44.23
10837,169.328125,-42.99
10838,169.34375,-38.04
10839,169.359375,-30.02
10840,169.375,-20.28
10841,169.390625,-10.41
10842,169.40625,-1.74
10843,169.421875,5.01
10844,169.4375,9.85
10845,169.453125,13.19
10846,169.46875,15.66
10847,169.484375,17.81
10848,169.5,19.97
10849,169.515625,22.23
10850,169.53125,24.52
10851,169.546875,26.66
10852,169.5625,28.43
10853,169.578125,29.63
10854,169.59375,30.19
10855,169.609375,30.12
10856,169.625,29.58
10857,169.640625,28.71
10858,169.65625,27.64
10859,169.671875,26.43
10860,169.6875,25.07
10861,169.703125,23.45
10862,169.71875,21.48
10863,169.734375,19.04
10864,169.75,16.05
10865,169.765625,12.51
10866,169.78125,8.48
10867,169.796875,4.13
10868,169.8125,-0.33
10869,169.828125,-4.7
10870,169.84375,-8.9
10871,169.859375,-13.0
10872,169.875,-17.3
10873,169.890625,-22.19
10874,169.90625,-27.92
10875,169.921875,-34.36
10876,169.9375,-40.8
10877,169.953125,-45.99
10878,169.96875,-48.57
10879,169.984375,-47.47
10880,170.0,-42.43
10881,170.015625,-34.12
10882,170.03125,-23.96
10883,170.046875,-13.58
10884,170.0625,-4.33
10885,170.078125,3.14
10886,170.09375,8.87
10887,170.109375,13.3
10888,170.125,17.02
10889,170.140625,20.37
10890,170.15625,23.42
10891,170.171875,26.06
10892,170.1875,28.13
10893,170.203125,29.6
10894,170.21875,30.56
10895,170.234375,31.22
10896,170.25,31.77
10897,170.265625,32.28
10898,170.28125,32.68
10899,170.296875,32.79
10900,170.3125,32.4
10901,170.328125,31.41
10902,170.34375,29.86
10903,170.359375,27.91
10904,170.375,25.73
10905,170.390625,23.42
10906,170.40625,20.88
10907,170.421875,17.91
10908,170.4375,14.3
10909,170.453125,9.98
10910,170.46875,5.09
10911,170.484375,0.01
10912,170.5,-4.85
10913,170.515625,-9.18
10914,170.53125,-12.89
10915,170.546875,-16.28
10916,170.5625,-19.87
10917,170.578125,-24.2
10918,170.59375,-29.6
10919,170.609375,-35.92
10920,170.625,-42.42
10921,170.640625,-48.01
10922,170.65625,-51.51
10923,170.671875,-51.98
10924,170.6875,-49.08
10925,170.703125,-43.04
10926,170.71875,-34.63
10927,170.734375,-24.9
10928,170.75,-14.98
10929,170.765625,-5.83
10930,170.78125,1.88
10931,170.796875,7.78
10932,170.8125,11.93
10933,170.828125,14.68
10934,170.84375,16.6
10935,170.859375,18.25
10936,170.875,20.04
10937,170.890625,22.11
10938,170.90625,24.34
10939,170.921875,26.44
10940,170.9375,28.15
10941,170.953125,29.26
10942,170.96875,29.73
10943,170.984375,29.6
10944,171.0,29.04
10945,171.015625,28.19
10946,171.03125,27.21
10947,171.046875,26.17
10948,171.0625,25.02
10949,171.078125,23.62
10950,171.09375,21.78
10951,171.109375,19.3
10952,171.125,16.05
10953,171.140625,12.07
10954,171.15625,7.51
10955,171.171875,2.71
10956,171.1875,-1.94
10957,171.203125,-6.09
10958,171.21875,-9.6
10959,171.234375,-12.56
10960,171.25,-15.4
10961,171.265625,-18.72
10962,171.28125,-23.08
10963,171.296875,-28.74
10964,171.3125,-35.41
10965,171.328125,-42.19
10966,171.34375,-47.76
10967,171.359375,-50.71
10968,171.375,-49.98
10969,171.390625,-45.34
10970,171.40625,-37.39
10971,171.421875,-27.49
10972,171.4375,-17.24
10973,171.453125,-8.01
10974,171.46875,-0.55
10975,171.484375,5.02
10976,171.5,9.12
10977,171.515625,12.29
10978,171.53125,14.95
10979,171.546875,17.25
10980,171.5625,19.07
10981,171.578125,20.29
10982,171.59375,20.84
10983,171.609375,20.85
10984,171.625,20.6
10985,171.640625,20.36
10986,171.65625,20.29
10987,171.671875,20.45
10988,171.6875,20.65
10989,171.703125,20.67
10990,171.71875,20.27
10991,171.734375,19.25
10992,171.75,17.56
10993,171.765625,15.19
10994,171.78125,12.24
10995,171.796875,8.8
10996,171.8125,5.02
10997,171.828125,1.06
10998,171.84375,-2.89
10999,171.859375,-6.69
11000,171.875,-10.26
11001,171.890625,-13.77
11002,171.90625,-17.49
11003,171.921875,-21.8
11004,171.9375,-26.93
11005,171.953125,-32.75
11006,171.96875,-38.53
11007,171.984375,-43.14
11008,172.0,-45.27
11009,172.015625,-43.92
11010,172.03125,-38.86
11011,172.046875,-30.72
11012,172.0625,-20.8
11013,172.078125,-10.64
11014,172.09375,-1.48
11015,172.109375,6.01
11016,172.125,11.77
11017,172.140625,16.12
11018,172.15625,19.46
11019,172.171875,22.06
11020,172.1875,23.97
11021,172.203125,25.14
11022,172.21875,25.55
11023,172.234375,25.29
11024,172.25,24.63
11025,172.265625,23.89
11026,172.28125,23.32
11027,172.296875,23.03
11028,172.3125,22.9
11029,172.328125,22.72
11030,172.34375,22.2
11031,172.359375,21.12
11032,172.375,19.41
11033,172.390625,17.03
11034,172.40625,14.0
11035,172.421875,10.32
11036,172.4375,6.08
11037,172.453125,1.47
11038,172.46875,-3.28
11039,172.484375,-7.87
11040,172.5,-12.22
11041,172.515625,-16.5
11042,172.53125,-21.14
11043,172.546875,-26.6
11044,172.5625,-33.05
11045,172.578125,-40.04
11046,172.59375,-46.51
11047,172.609375,-50.95
11048,172.625,-51.96
11049,172.640625,-48.74
11050,172.65625,-41.49
11051,172.671875,-31.29
11052,172.6875,-19.8
11053,172.703125,-8.65
11054,172.71875,0.94
11055,172.734375,8.41
11056,172.75,13.8
11057,172.765625,17.56
11058,172.78125,20.24
11059,172.796875,22.29
11060,172.8125,24.03
11061,172.828125,25.6
11062,172.84375,27.0
11063,172.859375,28.11
11064,172.875,28.81
11065,172.890625,29.01
11066,172.90625,28.7
11067,172.921875,27.96
11068,172.9375,26.94
11069,172.953125,25.78
11070,172.96875,24.58
11071,172.984375,23.34
11072,173.0,21.96
11073,173.015625,20.24
11074,173.03125,17.97
11075,173.046875,14.97
11076,173.0625,11.19
11077,173.078125,6.79
11078,173.09375,2.01
11079,173.109375,-2.86
11080,173.125,-7.65
11081,173.140625,-12.4
11082,173.15625,-17.35
11083,173.171875,-22.86
11084,173.1875,-29.13
11085,173.203125,-36.0
11086,173.21875,-42.74
11087,173.234375,-48.16
11088,173.25,-50.91
11089,173.265625,-49.97
11090,173.28125,-45.03
11091,173.296875,-36.67
11092,173.3125,-26.22
11093,173.328125,-15.27
11094,173.34375,-5.24
11095,173.359375,3.02
11096,173.375,9.27
11097,173.390625,13.81
11098,173.40625,17.09
11099,173.421875,19.59
11100,173.4375,21.59
11101,173.453125,23.29
11102,173.46875,24.78
11103,173.484375,26.06
11104,173.5,27.15
11105,173.515625,28.0
11106,173.53125,28.5
11107,173.546875,28.59
11108,173.5625,28.18
11109,173.578125,27.29
11110,173.59375,26.02
11111,173.609375,24.52
11112,173.625,22.95
11113,173.640625,21.36
11114,173.65625,19.64
11115,173.671875,17.56
11116,173.6875,14.84
11117,173.703125,11.3
11118,173.71875,6.97
11119,173.734375,2.08
11120,173.75,-3.02
11121,173.765625,-8.07
11122,173.78125,-12.98
11123,173.796875,-17.92
11124,173.8125,-23.29
11125,173.828125,-29.39
11126,173.84375,-36.26
11127,173.859375,-43.42
11128,173.875,-49.88
11129,173.890625,-54.33
11130,173.90625,-55.56
11131,173.921875,-52.83
11132,173.9375,-46.21
11133,173.953125,-36.6
11134,173.96875,-25.47
11135,173.984375,-14.41
11136,174.0,-4.67
11137,174.015625,3.07
11138,174.03125,8.8
11139,174.046875,12.94
11140,174.0625,16.04
11141,174.078125,18.54
11142,174.09375,20.67
11143,174.109375,22.47
11144,174.125,23.86
11145,174.140625,24.82
11146,174.15625,25.37
11147,174.171875,25.6
11148,174.1875,25.63
11149,174.203125,25.55
11150,174.21875,25.4
11151,174.234375,25.15
11152,174.25,24.67
11153,174.265625,23.78
11154,174.28125,22.34
11155,174.296875,20.27
11156,174.3125,17.61
11157,174.328125,14.51
11158,174.34375,11.16
11159,174.359375,7.72
11160,174.375,4.24
11161,174.390625,0.72
11162,174.40625,-2.93
11163,174.421875,-6.81
11164,174.4375,-11.1
11165,174.453125,-16.01
11166,174.46875,-21.71
11167,174.484375,-28.16
11168,174.5,-34.85
11169,174.515625,-40.83
11170,174.53125,-44.85
11171,174.546875,-45.73
11172,174.5625,-42.9
11173,174.578125,-36.55
11174,174.59375,-27.75
11175,174.609375,-17.94
11176,174.625,-8.54
11177,174.640625,-0.5
11178,174.65625,5.86
11179,174.671875,10.69
11180,174.6875,14.41
11181,174.703125,17.38
11182,174.71875,19.83
11183,174.734375,21.8
11184,174.75,23.29
11185,174.765625,24.24
11186,174.78125,24.66
11187,174.796875,24.66
11188,174.8125,24.41
11189,174.828125,24.11
11190,174.84375,23.85
11191,174.859375,23.6
11192,174.875,23.1
11193,174.890625,22.06
11194,174.90625,20.2
11195,174.921875,17.47
11196,174.9375,14.09
11197,174.953125,10.43
11198,174.96875,6.87
11199,174.984375,3.54
11200,175.0,0.28
11201,175.015625,-3.3
11202,175.03125,-7.61
11203,175.046875,-12.96
11204,175.0625,-19.37
11205,175.078125,-26.6
11206,175.09375,-34.17
11207,175.109375,-41.29
11208,175.125,-47.0
11209,175.140625,-50.21
11210,175.15625,-50.02
11211,175.171875,-46.02
11212,175.1875,-38.53
11213,175.203125,-28.63
11214,175.21875,-17.83
11215,175.234375,-7.63
11216,175.25,0.97
11217,175.265625,7.66
11218,175.28125,12.73
11219,175.296875,16.78
11220,175.3125,20.35
11221,175.328125,23.67
11222,175.34375,26.67
11223,175.359375,29.08
11224,175.375,30.68
11225,175.390625,31.45
11226,175.40625,31.58
11227,175.421875,31.37
11228,175.4375,31.11
11229,175.453125,30.93
11230,175.46875,30.75
11231,175.484375,30.36
11232,175.5,29.54
11233,175.515625,28.14
11234,175.53125,26.1
11235,175.546875,23.47
11236,175.5625,20.28
11237,175.578125,16.55
11238,175.59375,12.3
11239,175.609375,7.55
11240,175.625,2.44
11241,175.640625,-2.89
11242,175.65625,-8.39
11243,175.671875,-14.08
11244,175.6875,-20.15
11245,175.703125,-26.72
11246,175.71875,-33.62
11247,175.734375,-40.2
11248,175.75,-45.33
11249,175.765625,-47.73
11250,175.78125,-46.4
11251,175.796875,-41.11
11252,175.8125,-32.55
11253,175.828125,-22.14
11254,175.84375,-11.52
11255,175.859375,-2.04
11256,175.875,5.62
11257,175.890625,11.43
11258,175.90625,15.85
11259,175.921875,19.46
11260,175.9375,22.66
11261,175.953125,25.6
11262,175.96875,28.25
11263,175.984375,30.45
11264,176.0,32.08
11265,176.015625,33.09
11266,176.03125,33.46
11267,176.046875,33.28
11268,176.0625,32.64
11269,176.078125,31.68
11270,176.09375,30.5
11271,176.109375,29.17
11272,176.125,27.67
11273,176.140625,25.91
11274,176.15625,23.75
11275,176.171875,21.07
11276,176.1875,17.82
11277,176.203125,14.03
11278,176.21875,9.78
11279,176.234375,5.18
11280,176.25,0.33
11281,176.265625,-4.69
11282,176.28125,-9.84
11283,176.296875,-15.11
11284,176.3125,-20.62
11285,176.328125,-26.5
11286,176.34375,-32.82
11287,176.359375,-39.36
11288,176.375,-45.4
11289,176.390625,-49.8
11290,176.40625,-51.25
11291,176.421875,-48.8
11292,176.4375,-42.28
11293,176.453125,-32.53
11294,176.46875,-21.13
11295,176.484375,-9.94
11296,176.5,-0.41
11297,176.515625,6.74
11298,176.53125,11.57
11299,176.546875,14.76
11300,176.5625,17.1
11301,176.578125,19.25
11302,176.59375,21.47
11303,176.609375,23.68
11304,176.625,25.58
11305,176.640625,26.87
11306,176.65625,27.38
11307,176.671875,27.16
11308,176.6875,26.42
11309,176.703125,25.47
11310,176.71875,24.49
11311,176.734375,23.55
11312,176.75,22.56
11313,176.765625,21.32
11314,176.78125,19.63
11315,176.796875,17.37
11316,176.8125,14.5
11317,176.828125,11.09
11318,176.84375,7.27
11319,176.859375,3.2
11320,176.875,-0.96
11321,176.890625,-5.12
11322,176.90625,-9.25
11323,176.921875,-13.41
11324,176.9375,-17.82
11325,176.953125,-22.7
11326,176.96875,-28.24
11327,176.984375,-34.31
11328,177.0,-40.4
11329,177.015625,-45.52
11330,177.03125,-48.42
11331,177.046875,-48.01
11332,177.0625,-43.78
11333,177.078125,-36.13
11334,177.09375,-26.25
11335,177.109375,-15.82
11336,177.125,-6.34
11337,177.140625,1.23
11338,177.15625,6.77
11339,177.171875,10.67
11340,177.1875,13.58
11341,177.203125,15.9
11342,177.21875,17.76
11343,177.234375,19.03
11344,177.25,19.65
11345,177.265625,19.74
11346,177.28125,19.6
11347,177.296875,19.64
11348,177.3125,20.06
11349,177.328125,20.82
11350,177.34375,21.58
11351,177.359375,21.92
11352,177.375,21.43
11353,177.390625,19.92
11354,177.40625,17.45
11355,177.421875,14.28
11356,177.4375,10.79
11357,177.453125,7.28
11358,177.46875,3.94
11359,177.484375,0.71
11360,177.5,-2.57
11361,177.515625,-6.21
11362,177.53125,-10.45
11363,177.546875,-15.47
11364,177.5625,-21.27
11365,177.578125,-27.67
11366,177.59375,-34.19
11367,177.609375,-39.99
11368,177.625,-43.97
11369,177.640625,-44.99
11370,177.65625,-42.33
11371,177.671875,-36.0
11372,177.6875,-26.83
11373,177.703125,-16.27
11374,177.71875,-5.95
11375,177.734375,2.9
11376,177.75,9.76
11377,177.765625,14.76
11378,177.78125,18.44
11379,177.796875,21.33
11380,177.8125,23.64
11381,177.828125,25.26
11382,177.84375,25.94
11383,177.859375,25.58
11384,177.875,24.42
11385,177.890625,22.98
11386,177.90625,21.9
11387,177.921875,21.54
11388,177.9375,21.9
11389,177.953125,22.48
11390,177.96875,22.66
11391,177.984375,21.87
11392,178.0,19.96
11393,178.015625,17.13
11394,178.03125,13.81
11395,178.046875,10.37
11396,178.0625,6.97
11397,178.078125,3.52
11398,178.09375,-0.26
11399,178.109375,-4.59
11400,178.125,-9.6
11401,178.140625,-15.36
11402,178.15625,-21.84
11403,178.171875,-28.88
11404,178.1875,-36.06
11405,178.203125,-42.51
11406,178.21875,-46.97
11407,178.234375,-48.2
11408,178.25,-45.42
11409,178.265625,-38.74
11410,178.28125,-29.26
11411,178.296875,-18.65
11412,178.3125,-8.61
11413,178.328125,-0.24
11414,178.34375,6.14
11415,178.359375,10.96
11416,178.375,14.89
11417,178.390625,18.51
11418,178.40625,22.06
11419,178.421875,25.4
11420,178.4375,28.26
11421,178.453125,30.37
11422,178.46875,31.67
11423,178.484375,32.26
11424,178.5,32.42
11425,178.515625,32.39
11426,178.53125,32.25
11427,178.546875,31.91
11428,178.5625,31.11
11429,178.578125,29.58
11430,178.59375,27.2
11431,178.609375,24.03
11432,178.625,20.29
11433,178.640625,16.23
11434,178.65625,12.05
11435,178.671875,7.88
11436,178.6875,3.72
11437,178.703125,-0.42
11438,178.71875,-4.57
11439,178.734375,-8.81
11440,178.75,-13.31
11441,178.765625,-18.32
11442,178.78125,-24.07
11443,178.796875,-30.47
11444,178.8125,-37.0
11445,178.828125,-42.6
11446,178.84375,-46.0
11447,178.859375,-46.06
11448,178.875,-42.29
11449,178.890625,-35.02
11450,178.90625,-25.39
11451,178.921875,-14.96
11452,178.9375,-5.23
11453,178.953125,2.8
11454,178.96875,8.82
11455,178.984375,13.08
11456,179.0,16.17
11457,179.015625,18.74
11458,179.03125,21.22
11459,179.046875,23.82
11460,179.0625,26.43
11461,179.078125,28.81
11462,179.09375,30.66
11463,179.109375,31.79
11464,179.125,32.17
11465,179.140625,31.92
11466,179.15625,31.22
11467,179.171875,30.29
11468,179.1875,29.21
11469,179.203125,28.0
11470,179.21875,26.6
11471,179.234375,24.88
11472,179.25,22.71
11473,179.265625,19.96
11474,179.28125,16.52
11475,179.296875,12.34
11476,179.3125,7.5
11477,179.328125,2.15
11478,179.34375,-3.38
11479,179.359375,-8.77
11480,179.375,-13.73
11481,179.390625,-18.26
11482,179.40625,-22.59
11483,179.421875,-27.21
11484,179.4375,-32.64
11485,179.453125,-39.02
11486,179.46875,-45.91
11487,179.484375,-52.14
11488,179.5,-56.19
11489,179.515625,-56.7
11490,179.53125,-53.03
11491,179.546875,-45.58
11492,179.5625,-35.67
11493,179.578125,-25.03
11494,179.59375,-15.17
11495,179.609375,-6.97
11496,179.625,-0.57
11497,179.640625,4.38
11498,179.65625,8.39
11499,179.671875,11.81
11500,179.6875,14.75
11501,179.703125,17.16
11502,179.71875,18.97
11503,179.734375,20.2
11504,179.75,20.95
11505,179.765625,21.38
11506,179.78125,21.62
11507,179.796875,21.79
11508,179.8125,21.87
11509,179.828125,21.77
11510,179.84375,21.33
11511,179.859375,20.35
11512,179.875,18.71
11513,179.890625,16.35
11514,179.90625,13.4
11515,179.921875,10.03
11516,179.9375,6.5
11517,179.953125,3.05
11518,179.96875,-0.19
11519,179.984375,-3.25
11520,180.0,-6.27
11521,180.015625,-9.51
11522,180.03125,-13.24
11523,180.046875,-17.71
11524,180.0625,-23.06
11525,180.078125,-29.14
11526,180.09375,-35.43
11527,180.109375,-41.01
11528,180.125,-44.71
11529,180.140625,-45.45
11530,180.15625,-42.64
11531,180.171875,-36.44
11532,180.1875,-27.78
11533,180.203125,-18.07
11534,180.21875,-8.68
11535,180.234375,-0.56
11536,180.25,5.95
11537,180.265625,11.01
11538,180.28125,14.96
11539,180.296875,18.06
11540,180.3125,20.33
11541,180.328125,21.66
11542,180.34375,21.94
11543,180.359375,21.27
11544,180.375,20.02
11545,180.390625,18.65
11546,180.40625,17.64
11547,180.421875,17.21
11548,180.4375,17.23
11549,180.453125,17.33
11550,180.46875,17.05
11551,180.484375,16.04
11552,180.5,14.21
11553,180.515625,11.79
11554,180.53125,9.1
11555,180.546875,6.4
11556,180.5625,3.74
11557,180.578125,0.92
11558,180.59375,-2.39
11559,180.609375,-6.43
11560,180.625,-11.35
11561,180.640625,-17.09
11562,180.65625,-23.5
11563,180.671875,-30.22
11564,180.6875,-36.65
11565,180.703125,-41.95
11566,180.71875,-45.08
11567,180.734375,-45.13
11568,180.75,-41.72
11569,180.765625,-35.16
11570,180.78125,-26.48
11571,180.796875,-17.06
11572,180.8125,-8.2
11573,180.828125,-0.73
11574,180.84375,5.13
11575,180.859375,9.62
11576,180.875,13.14
11577,180.890625,15.94
11578,180.90625,18.09
11579,180.921875,19.46
11580,180.9375,19.92
11581,180.953125,19.54
11582,180.96875,18.62
11583,180.984375,17.64
11584,181.0,17.01
11585,181.015625,16.87
11586,181.03125,16.98
11587,181.046875,16.8
11588,181.0625,15.8
11589,181.078125,13.69
11590,181.09375,10.62
11591,181.109375,7.07
11592,181.125,3.58
11593,181.140625,0.48
11594,181.15625,-2.24
11595,181.171875,-4.93
11596,181.1875,-8.13
11597,181.203125,-12.27
11598,181.21875,-17.6
11599,181.234375,-23.96
11600,181.25,-30.77
11601,181.265625,-37.08
11602,181.28125,-41.63
11603,181.296875,-43.25
11604,181.3125,-41.18
11605,181.328125,-35.46
11606,181.34375,-26.94
11607,181.359375,-17.12
11608,181.375,-7.6
11609,181.390625,0.42
11610,181.40625,6.48
11611,181.421875,10.82
11612,181.4375,14.06
11613,181.453125,16.8
11614,181.46875,19.34
11615,181.484375,21.57
11616,181.5,23.21
11617,181.515625,24.05
11618,181.53125,24.12
11619,181.546875,23.72
11620,181.5625,23.19
11621,181.578125,22.7
11622,181.59375,22.16
11623,181.609375,21.2
11624,181.625,19.47
11625,181.640625,16.84
11626,181.65625,13.49
11627,181.671875,9.93
11628,181.6875,6.63
11629,181.703125,3.92
11630,181.71875,1.68
11631,181.734375,-0.46
11632,181.75,-3.06
11633,181.765625,-6.66
11634,181.78125,-11.57
11635,181.796875,-17.87
11636,181.8125,-25.24
11637,181.828125,-32.94
11638,181.84375,-39.81
11639,181.859375,-44.52
11640,181.875,-45.88
11641,181.890625,-43.27
11642,181.90625,-36.9
11643,181.921875,-27.85
11644,181.9375,-17.67
11645,181.953125,-7.9
11646,181.96875,0.43
11647,181.984375,6.99
11648,182.0,12.05
11649,182.015625,16.11
11650,182.03125,19.58
11651,182.046875,22.58
11652,182.0625,24.96
11653,182.078125,26.51
11654,182.09375,27.16
11655,182.109375,27.11
11656,182.125,26.73
11657,182.140625,26.42
11658,182.15625,26.34
11659,182.171875,26.41
11660,182.1875,26.26
11661,182.203125,25.49
11662,182.21875,23.81
11663,182.234375,21.2
11664,182.25,17.91
11665,182.265625,14.33
11666,182.28125,10.84
11667,182.296875,7.55
11668,182.3125,4.37
11669,182.328125,0.95
11670,182.34375,-3.06
11671,182.359375,-7.93
11672,182.375,-13.73
11673,182.390625,-20.4
11674,182.40625,-27.67
11675,182.421875,-35.04
11676,182.4375,-41.78
11677,182.453125,-46.91
11678,182.46875,-49.39
11679,182.484375,-48.38
11680,182.5,-43.62
11681,182.515625,-35.65
11682,182.53125,-25.69
11683,182.546875,-15.29
11684,182.5625,-5.78
11685,182.578125,1.98
11686,182.59375,7.87
11687,182.609375,12.27
11688,182.625,15.75
11689,182.640625,18.81
11690,182.65625,21.68
11691,182.671875,24.37
11692,182.6875,26.71
11693,182.703125,28.49
11694,182.71875,29.57
11695,182.734375,29.96
11696,182.75,29.73
11697,182.765625,29.06
11698,182.78125,28.13
11699,182.796875,27.08
11700,182.8125,25.96
11701,182.828125,24.7
11702,182.84375,23.2
11703,182.859375,21.31
11704,182.875,18.96
11705,182.890625,16.06
11706,182.90625,12.58
11707,182.921875,8.57
11708,182.9375,4.12
11709,182.953125,-0.56
11710,182.96875,-5.25
11711,182.984375,-9.8
11712,183.0,-14.25
11713,183.015625,-18.88
11714,183.03125,-24.07
11715,183.046875,-30.11
11716,183.0625,-36.84
11717,183.078125,-43.56
11718,183.09375,-49.03
11719,183.109375,-51.87
11720,183.125,-51.0
11721,183.140625,-46.11
11722,183.15625,-37.84
11723,183.171875,-27.56
11724,183.1875,-16.99
11725,183.203125,-7.57
11726,183.21875,-0.17
11727,183.234375,5.09
11728,183.25,8.67
11729,183.265625,11.21
11730,183.28125,13.29
11731,183.296875,15.17
11732,183.3125,16.81
11733,183.328125,18.05
11734,183.34375,18.75
11735,183.359375,18.92
11736,183.375,18.76
11737,183.390625,18.51
11738,183.40625,18.41
11739,183.421875,18.58
11740,183.4375,18.95
11741,183.453125,19.28
11742,183.46875,19.27
11743,183.484375,18.71
11744,183.5,17.5
11745,183.515625,15.69
11746,183.53125,13.41
11747,183.546875,10.75
11748,183.5625,7.72
11749,183.578125,4.29
11750,183.59375,0.42
11751,183.609375,-3.87
11752,183.625,-8.5
11753,183.640625,-13.46
11754,183.65625,-18.82
11755,183.671875,-24.65
11756,183.6875,-30.84
11757,183.703125,-36.91
11758,183.71875,-41.9
11759,183.734375,-44.59
11760,183.75,-43.96
11761,183.765625,-39.63
11762,183.78125,-32.1
11763,183.796875,-22.61
11764,183.8125,-12.74
11765,183.828125,-3.87
11766,183.84375,3.25
11767,183.859375,8.56
11768,183.875,12.53
11769,183.890625,15.78
11770,183.90625,18.73
11771,183.921875,21.47
11772,183.9375,23.77
11773,183.953125,25.34
11774,183.96875,25.95
11775,183.984375,25.68
11776,184.0,24.85
11777,184.015625,23.92
11778,184.03125,23.26
11779,184.046875,22.99
11780,184.0625,22.93
11781,184.078125,22.7
11782,184.09375,21.91
11783,184.109375,20.3
11784,184.125,17.89
11785,184.140625,14.86
11786,184.15625,11.49
11787,184.171875,8.01
11788,184.1875,4.56
11789,184.203125,1.14
11790,184.21875,-2.37
11791,184.234375,-6.09
11792,184.25,-10.22
11793,184.265625,-14.97
11794,184.28125,-20.49
11795,184.296875,-26.72
11796,184.3125,-33.22
11797,184.328125,-39.05
11798,184.34375,-42.95
11799,184.359375,-43.71
11800,184.375,-40.66
11801,184.390625,-34.0
11802,184.40625,-24.85
11803,184.421875,-14.88
11804,184.4375,-5.69
11805,184.453125,1.69
11806,184.46875,7.08
11807,184.484375,10.94
11808,184.5,14.01
11809,184.515625,16.85
11810,184.53125,19.69
11811,184.546875,22.4
11812,184.5625,24.67
11813,184.578125,26.22
11814,184.59375,27.01
11815,184.609375,27.14
11816,184.625,26.9
11817,184.640625,26.54
11818,184.65625,26.24
11819,184.671875,26.02
11820,184.6875,25.73
11821,184.703125,25.13
11822,184.71875,23.94
11823,184.734375,21.97
11824,184.75,19.2
11825,184.765625,15.77
11826,184.78125,11.94
11827,184.796875,7.99
11828,184.8125,4.18
11829,184.828125,0.65
11830,184.84375,-2.61
11831,184.859375,-5.77
11832,184.875,-9.12
11833,184.890625,-13.06
11834,184.90625,-17.88
11835,184.921875,-23.7
11836,184.9375,-30.19
11837,184.953125,-36.6
11838,184.96875,-41.74
11839,184.984375,-44.36
11840,185.0,-43.52
11841,185.015625,-39.03
11842,185.03125,-31.55
11843,185.046875,-22.37
11844,185.0625,-13.04
11845,185.078125,-4.79
11846,185.09375,1.76
11847,185.109375,6.68
11848,185.125,10.45
11849,185.140625,13.64
11850,185.15625,16.65
11851,185.171875,19.61
11852,185.1875,22.43
11853,185.203125,24.94
11854,185.21875,27.02
11855,185.234375,28.57
11856,185.25,29.59
11857,185.265625,30.12
11858,185.28125,30.2
11859,185.296875,29.89
11860,185.3125,29.28
11861,185.328125,28.49
11862,185.34375,27.63
11863,185.359375,26.81
11864,185.375,26.0
11865,185.390625,25.02
11866,185.40625,23.6
11867,185.421875,21.44
11868,185.4375,18.34
11869,185.453125,14.37
11870,185.46875,9.8
11871,185.484375,5.03
11872,185.5,0.4
11873,185.515625,-3.91
11874,185.53125,-7.94
11875,185.546875,-11.9
11876,185.5625,-16.1
11877,185.578125,-20.81
11878,185.59375,-26.16
11879,185.609375,-31.96
11880,185.625,-37.61
11881,185.640625,-42.11
11882,185.65625,-44.33
11883,185.671875,-43.37
11884,185.6875,-39.0
11885,185.703125,-31.73
11886,185.71875,-22.73
11887,185.734375,-13.39
11888,185.75,-4.89
11889,185.765625,2.12
11890,185.78125,7.47
11891,185.796875,11.39
11892,185.8125,14.24
11893,185.828125,16.29
11894,185.84375,17.8
11895,185.859375,18.99
11896,185.875,20.06
11897,185.890625,21.14
11898,185.90625,22.31
11899,185.921875,23.47
11900,185.9375,24.43
11901,185.953125,24.98
11902,185.96875,24.96
11903,185.984375,24.35
11904,186.0,23.26
11905,186.015625,21.88
11906,186.03125,20.41
11907,186.046875,18.92
11908,186.0625,17.35
11909,186.078125,15.49
11910,186.09375,13.11
11911,186.109375,10.08
11912,186.125,6.42
11913,186.140625,2.32
11914,186.15625,-1.93
11915,186.171875,-6.08
11916,186.1875,-9.98
11917,186.203125,-13.59
11918,186.21875,-17.06
11919,186.234375,-20.71
11920,186.25,-24.96
11921,186.265625,-30.16
11922,186.28125,-36.35
11923,186.296875,-43.05
11924,186.3125,-49.23
11925,186.328125,-53.53
11926,186.34375,-54.66
11927,186.359375,-51.96
11928,186.375,-45.63
11929,186.390625,-36.71
11930,186.40625,-26.72
11931,186.421875,-17.13
11932,186.4375,-8.97
11933,186.453125,-2.65
11934,186.46875,1.96
11935,186.484375,5.26
11936,186.5,7.76
11937,186.515625,9.89
11938,186.53125,11.88
11939,186.546875,13.8
11940,186.5625,15.53
11941,186.578125,16.93
11942,186.59375,17.84
11943,186.609375,18.21
11944,186.625,18.1
11945,186.640625,17.63
11946,186.65625,16.93
11947,186.671875,16.07
11948,186.6875,15.11
11949,186.703125,14.08
11950,186.71875,12.99
11951,186.734375,11.81
11952,186.75,10.4
11953,186.765625,8.64
11954,186.78125,6.33
11955,186.796875,3.47
11956,186.8125,0.17
11957,186.828125,-3.34
11958,186.84375,-6.8
11959,186.859375,-10.12
11960,186.875,-13.43
11961,186.890625,-17.04
11962,186.90625,-21.26
11963,186.921875,-26.25
11964,186.9375,-31.73
11965,186.953125,-36.99
11966,186.96875,-40.96
11967,186.984375,-42.57
11968,187.0,-41.12
11969,187.015625,-36.53
11970,187.03125,-29.44
11971,187.046875,-21.02
11972,187.0625,-12.54
11973,187.078125,-5.05
11974,187.09375,0.91
11975,187.109375,5.37
11976,187.125,8.73
11977,187.140625,11.45
11978,187.15625,13.88
11979,187.171875,16.07
11980,187.1875,17.84
11981,187.203125,18.96
11982,187.21875,19.33
11983,187.234375,19.02
11984,187.25,18.33
11985,187.265625,17.65
11986,187.28125,17.26
11987,187.296875,17.21
11988,187.3125,17.31
11989,187.328125,17.14
11990,187.34375,16.33
11991,187.359375,14.65
11992,187.375,12.09
11993,187.390625,8.86
11994,187.40625,5.32
11995,187.421875,1.82
11996,187.4375,-1.44
11997,187.453125,-4.45
11998,187.46875,-7.38
11999,187.484375,-10.55
12000,187.5,-14.25
12001,187.515625,-18.75
12002,187.53125,-24.08
12003,187.546875,-29.98
12004,187.5625,-35.78
12005,187.578125,-40.48
12006,187.59375,-42.94
12007,187.609375,-42.21
12008,187.625,-37.95
12009,187.640625,-30.62
12010,187.65625,-21.4
12011,187.671875,-11.88
12012,187.6875,-3.46
12013,187.703125,3.03
12014,187.71875,7.55
12015,187.734375,10.65
12016,187.75,13.1
12017,187.765625,15.44
12018,187.78125,17.84
12019,187.796875,20.09
12020,187.8125,21.81
12021,187.828125,22.72
12022,187.84375,22.77
12023,187.859375,22.16
12024,187.875,21.23
12025,187.890625,20.26
12026,187.90625,19.4
12027,187.921875,18.63
12028,187.9375,17.88
12029,187.953125,17.01
12030,187.96875,15.93
12031,187.984375,14.61
12032,188.0,12.99
12033,188.015625,11.02
12034,188.03125,8.68
12035,188.046875,5.96
12036,188.0625,2.93
12037,188.078125,-0.33
12038,188.09375,-3.77
12039,188.109375,-7.42
12040,188.125,-11.49
12041,188.140625,-16.25
12042,188.15625,-21.91
12043,188.171875,-28.34
12044,188.1875,-34.88
12045,188.203125,-40.37
12046,188.21875,-43.48
12047,188.234375,-43.16
12048,188.25,-39.08
12049,188.265625,-31.77
12050,188.28125,-22.58
12051,188.296875,-13.05
12052,188.3125,-4.53
12053,188.328125,2.23
12054,188.34375,7.19
12055,188.359375,10.71
12056,188.375,13.33
12057,188.390625,15.5
12058,188.40625,17.51
12059,188.421875,19.44
12060,188.4375,21.29
12061,188.453125,22.99
12062,188.46875,24.41
12063,188.484375,25.43
12064,188.5,25.95
12065,188.515625,25.99
12066,188.53125,25.64
12067,188.546875,25.05
12068,188.5625,24.35
12069,188.578125,23.59
12070,188.59375,22.69
12071,188.609375,21.47
12072,188.625,19.78
12073,188.640625,17.47
12074,188.65625,14.52
12075,188.671875,11.0
12076,188.6875,7.1
12077,188.703125,3.02
12078,188.71875,-1.05
12079,188.734375,-4.98
12080,188.75,-8.82
12081,188.765625,-12.68
12082,188.78125,-16.88
12083,188.796875,-21.75
12084,188.8125,-27.56
12085,188.828125,-34.24
12086,188.84375,-41.2
12087,188.859375,-47.39
12088,188.875,-51.42
12089,188.890625,-52.14
12090,188.90625,-48.95
12091,188.921875,-42.1
12092,188.9375,-32.69
12093,188.953125,-22.29
12094,188.96875,-12.37
12095,188.984375,-3.98
12096,189.0,2.47
12097,189.015625,7.2
12098,189.03125,10.72
12099,189.046875,13.61
12100,189.0625,16.28
12101,189.078125,18.89
12102,189.09375,21.35
12103,189.109375,23.44
12104,189.125,24.93
12105,189.140625,25.65
12106,189.15625,25.63
12107,189.171875,25.02
12108,189.1875,24.06
12109,189.203125,23.03
12110,189.21875,22.14
12111,189.234375,21.53
12112,189.25,21.2
12113,189.265625,21.0
12114,189.28125,20.62
12115,189.296875,19.72
12116,189.3125,17.93
12117,189.328125,15.05
12118,189.34375,11.14
12119,189.359375,6.48
12120,189.375,1.55
12121,189.390625,-3.16
12122,189.40625,-7.31
12123,189.421875,-10.87
12124,189.4375,-14.01
12125,189.453125,-17.14
12126,189.46875,-20.76
12127,189.484375,-25.26
12128,189.5,-30.89
12129,189.515625,-37.5
12130,189.53125,-44.37
12131,189.546875,-50.33
12132,189.5625,-53.94
12133,189.578125,-53.96
12134,189.59375,-49.88
12135,189.609375,-42.18
12136,189.625,-32.16
12137,189.640625,-21.58
12138,189.65625,-12.01
12139,189.671875,-4.37
12140,189.6875,1.2
12141,189.703125,5.15
12142,189.71875,8.15
12143,189.734375,10.69
12144,189.75,13.0
12145,189.765625,15.06
12146,189.78125,16.75
12147,189.796875,18.03
12148,189.8125,18.91
12149,189.828125,19.54
12150,189.84375,20.02
12151,189.859375,20.41
12152,189.875,20.67
12153,189.890625,20.71
12154,189.90625,20.42
12155,189.921875,19.73
12156,189.9375,18.65
12157,189.953125,17.18
12158,189.96875,15.28
12159,189.984375,12.87
12160,190.0,9.91
12161,190.015625,6.4
12162,190.03125,2.56
12163,190.046875,-1.28
12164,190.0625,-4.81
12165,190.078125,-7.83
12166,190.09375,-10.43
12167,190.109375,-12.99
12168,190.125,-16.09
12169,190.140625,-20.25
12170,190.15625,-25.69
12171,190.171875,-32.1
12172,190.1875,-38.58
12173,190.203125,-43.78
12174,190.21875,-46.3
12175,190.234375,-45.2
12176,190.25,-40.3
12177,190.265625,-32.33
12178,190.28125,-22.63
12179,190.296875,-12.75
12180,190.3125,-3.92
12181,190.328125,3.23
12182,190.34375,8.7
12183,190.359375,12.89
12184,190.375,16.23
12185,190.390625,19.03
12186,190.40625,21.33
12187,190.421875,23.05
12188,190.4375,24.09
12189,190.453125,24.48
12190,190.46875,24.41
12191,190.484375,24.1
12192,190.5,23.8
12193,190.515625,23.57
12194,190.53125,23.35
12195,190.546875,23.0
12196,190.5625,22.37
12197,190.578125,21.4
12198,190.59375,20.06
12199,190.609375,18.37
12200,190.625,16.26
12201,190.640625,13.66
12202,190.65625,10.47
12203,190.671875,6.67
12204,190.6875,2.41
12205,190.703125,-2.14
12206,190.71875,-6.73
12207,190.734375,-11.28
12208,190.75,-15.86
12209,190.765625,-20.72
12210,190.78125,-26.11
12211,190.796875,-32.16
12212,190.8125,-38.57
12213,190.828125,-44.63
12214,190.84375,-49.25
12215,190.859375,-51.2
12216,190.875,-49.62
12217,190.890625,-44.33
12218,190.90625,-35.98
12219,190.921875,-25.85
12220,190.9375,-15.45
12221,190.953125,-6.02
12222,190.96875,1.72
12223,190.984375,7.65
12224,191.0,12.06
12225,191.015625,15.39
12226,191.03125,18.01
12227,191.046875,20.22
12228,191.0625,22.18
12229,191.078125,23.98
12230,191.09375,25.63
12231,191.109375,27.04
12232,191.125,28.06
12233,191.140625,28.55
12234,191.15625,28.46
12235,191.171875,27.88
12236,191.1875,27.02
12237,191.203125,26.09
12238,191.21875,25.23
12239,191.234375,24.37
12240,191.25,23.27
12241,191.265625,21.55
12242,191.28125,18.89
12243,191.296875,15.13
12244,191.3125,10.39
12245,191.328125,4.99
12246,191.34375,-0.69
12247,191.359375,-6.31
12248,191.375,-11.68
12249,191.390625,-16.8
12250,191.40625,-21.78
12251,191.421875,-26.9
12252,191.4375,-32.49
12253,191.453125,-38.87
12254,191.46875,-46.07
12255,191.484375,-53.67
12256,191.5,-60.71
12257,191.515625,-65.82
12258,191.53125,-67.63
12259,191.546875,-65.33
12260,191.5625,-59.01
12261,191.578125,-49.69
12262,191.59375,-39.12
12263,191.609375,-29.1
12264,191.625,-21.07
12265,191.640625,-15.79
12266,191.65625,-13.22
12267,191.671875,-12.72
12268,191.6875,-13.34
12269,191.703125,-14.06
12270,191.71875,-14.08
12271,191.734375,-13.0
12272,191.75,-10.88
12273,191.765625,-8.18
12274,191.78125,-5.53
12275,191.796875,-3.49
12276,191.8125,-2.36
12277,191.828125,-2.03
12278,191.84375,-2.13
12279,191.859375,-2.1
12280,191.875,-1.41
12281,191.890625,0.17
12282,191.90625,2.42
12283,191.921875,4.35
12284,191.9375,4.32
12285,191.953125,0.38
12286,191.96875,-8.9
12287,191.984375,-23.5
12288,192.0,-41.52
12289,192.015625,-59.42
12290,192.03125,-73.1
12291,192.046875,-79.39
12292,192.0625,-77.32
12293,192.078125,-68.46
12294,192.09375,-56.52
12295,192.109375,-46.24
12296,192.125,-42.2
12297,192.140625,-47.87
12298,192.15625,-65.01
12299,192.171875,-93.34
12300,192.1875,-130.56
12301,192.203125,-172.78
12302,192.21875,-215.18
12303,192.234375,-252.87
12304,192.25,-281.68
12305,192.265625,-298.62
12306,192.28125,-302.11
12307,192.296875,-291.9
12308,192.3125,-269.11
12309,192.328125,-236.18
12310,192.34375,-196.69
12311,192.359375,-154.69
12312,192.375,-113.79
12313,192.390625,-76.27
12314,192.40625,-42.52
12315,192.421875,-11.42
12316,192.4375,18.87
12317,192.453125,49.65
12318,192.46875,81.04
12319,192.484375,111.9
12320,192.5,140.22
12321,192.515625,163.85
12322,192.53125,181.09
12323,192.546875,191.16
12324,192.5625,194.33
12325,192.578125,191.89
12326,192.59375,185.79
12327,192.609375,178.15
12328,192.625,170.85
12329,192.640625,165.15
12330,192.65625,161.68
12331,192.671875,160.56
12332,192.6875,161.78
12333,192.703125,165.24
12334,192.71875,170.58
12335,192.734375,176.89
12336,192.75,182.45
12337,192.765625,185.12
12338,192.78125,183.07
12339,192.796875,175.71
12340,192.8125,164.21
12341,192.828125,151.3
12342,192.84375,140.39
12343,192.859375,134.34
12344,192.875,134.61
12345,192.890625,141.02
12346,192.90625,152.18
12347,192.921875,166.33
12348,192.9375,182.0
12349,192.953125,198.24
12350,192.96875,214.36
12351,192.984375,229.63
12352,193.0,243.02
12353,193.015625,253.44
12354,193.03125,260.1
12355,193.046875,262.95
12356,193.0625,262.77
12357,193.078125,260.83
12358,193.09375,258.48
12359,193.109375,256.48
12360,193.125,254.85
12361,193.140625,252.98
12362,193.15625,249.99
12363,193.171875,245.08
12364,193.1875,237.71
12365,193.203125,227.53
12366,193.21875,214.4
12367,193.234375,198.34
12368,193.25,179.54
12369,193.265625,158.41
12370,193.28125,135.43
12371,193.296875,111.04
12372,193.3125,85.4
12373,193.328125,58.37
12374,193.34375,29.72
12375,193.359375,-0.73
12376,193.375,-32.83
12377,193.390625,-66.05
12378,193.40625,-99.51
12379,193.421875,-132.07
12380,193.4375,-162.44
12381,193.453125,-189.22
12382,193.46875,-211.05
12383,193.484375,-226.71
12384,193.5,-235.3
12385,193.515625,-236.49
12386,193.53125,-230.6
12387,193.546875,-218.62
12388,193.5625,-202.05
12389,193.578125,-182.73
12390,193.59375,-162.47
12391,193.609375,-142.8
12392,193.625,-124.69
12393,193.640625,-108.51
12394,193.65625,-94.15
12395,193.671875,-81.24
12396,193.6875,-69.4
12397,193.703125,-58.42
12398,193.71875,-48.25
12399,193.734375,-38.89
12400,193.75,-30.36
12401,193.765625,-22.67
12402,193.78125,-15.9
12403,193.796875,-10.26
12404,193.8125,-6.01
12405,193.828125,-3.28
12406,193.84375,-1.94
12407,193.859375,-1.48
12408,193.875,-1.27
12409,193.890625,-0.93
12410,193.90625,-0.66
12411,193.921875,-1.19
12412,193.9375,-3.56
12413,193.953125,-8.6
12414,193.96875,-16.52
12415,193.984375,-26.88
12416,194.0,-38.85
12417,194.015625,-51.49
12418,194.03125,-63.97
12419,194.046875,-75.55
12420,194.0625,-85.37
12421,194.078125,-92.51
12422,194.09375,-96.16
12423,194.109375,-96.03
12424,194.125,-92.62
12425,194.140625,-87.08
12426,194.15625,-80.85
12427,194.171875,-75.1
12428,194.1875,-70.42
12429,194.203125,-66.75
12430,194.21875,-63.82
12431,194.234375,-61.44
12432,194.25,-59.75
12433,194.265625,-59.29
12434,194.28125,-60.57
12435,194.296875,-63.9
12436,194.3125,-69.13
12437,194.328125,-75.7
12438,194.34375,-82.78
12439,194.359375,-89.52
12440,194.375,-95.23
12441,194.390625,-99.43
12442,194.40625,-101.9
12443,194.421875,-102.49
12444,194.4375,-101.08
12445,194.453125,-97.67
12446,194.46875,-92.37
12447,194.484375,-85.57
12448,194.5,-77.97
12449,194.515625,-70.41
12450,194.53125,-63.68
12451,194.546875,-58.28
12452,194.5625,-54.24
12453,194.578125,-51.17
12454,194.59375,-48.59
12455,194.609375,-46.13
12456,194.625,-43.68
12457,194.640625,-41.31
12458,194.65625,-38.98
12459,194.671875,-36.35
12460,194.6875,-32.81
12461,194.703125,-27.59
12462,194.71875,-20.21
12463,194.734375,-10.63
12464,194.75,0.71
12465,194.765625,13.14
12466,194.78125,25.92
12467,194.796875,38.4
12468,194.8125,50.12
12469,194.828125,60.71
12470,194.84375,69.9
12471,194.859375,77.54
12472,194.875,83.51
12473,194.890625,87.71
12474,194.90625,89.99
12475,194.921875,90.18
12476,194.9375,88.2
12477,194.953125,84.26
12478,194.96875,78.95
12479,194.984375,73.1
12480,195.0,67.61
12481,195.015625,63.03
12482,195.03125,59.27
12483,195.046875,55.59
12484,195.0625,50.77
12485,195.078125,43.54
12486,195.09375,33.11
12487,195.109375,19.49
12488,195.125,3.52
12489,195.140625,-13.53
12490,195.15625,-30.51
12491,195.171875,-47.05
12492,195.1875,-63.88
12493,195.203125,-82.66
12494,195.21875,-105.44
12495,195.234375,-133.64
12496,195.25,-167.16
12497,195.265625,-203.67
12498,195.28125,-238.57
12499,195.296875,-265.76
12500,195.3125,-279.1
12501,195.328125,-274.22
12502,195.34375,-250.07
12503,195.359375,-209.58
12504,195.375,-159.1
12505,195.390625,-106.72
12506,195.40625,-60.09
12507,195.421875,-24.44
12508,195.4375,-1.51
12509,195.453125,10.42
12510,195.46875,15.57
12511,195.484375,19.12
12512,195.5,25.72
12513,195.515625,38.05
12514,195.53125,56.11
12515,195.546875,77.39
12516,195.5625,97.81
12517,195.578125,113.24
12518,195.59375,120.95
12519,195.609375,120.55
12520,195.625,113.84
12521,195.640625,104.12
12522,195.65625,94.83
12523,195.671875,88.51
12524,195.6875,86.3
12525,195.703125,87.94
12526,195.71875,92.24
12527,195.734375,97.48
12528,195.75,101.95
12529,195.765625,104.14
12530,195.78125,103.06
12531,195.796875,98.33
12532,195.8125,90.36
12533,195.828125,80.24
12534,195.84375,69.58
12535,195.859375,59.96
12536,195.875,52.45
12537,195.890625,47.27
12538,195.90625,43.78
12539,195.921875,40.82
12540,195.9375,37.37
12541,195.953125,33.15
12542,195.96875,28.77
12543,195.984375,25.45
12544,196.0,24.43
12545,196.015625,26.3
12546,196.03125,30.73
12547,196.046875,36.58
12548,196.0625,42.39
12549,196.078125,46.84
12550,196.09375,49.13
12551,196.109375,49.0
12552,196.125,46.67
12553,196.140625,42.63
12554,196.15625,37.53
12555,196.171875,32.0
12556,196.1875,26.52
12557,196.203125,21.26
12558,196.21875,16.07
12559,196.234375,10.52
12560,196.25,4.08
12561,196.265625,-3.61
12562,196.28125,-12.57
12563,196.296875,-22.42
12564,196.3125,-32.4
12565,196.328125,-41.61
12566,196.34375,-49.22
12567,196.359375,-54.58
12568,196.375,-57.38
12569,196.390625,-57.72
12570,196.40625,-56.08
12571,196.421875,-53.23
12572,196.4375,-50.11
12573,196.453125,-47.53
12574,196.46875,-46.01
12575,196.484375,-45.55
12576,196.5,-45.69
12577,196.515625,-45.59
12578,196.53125,-44.38
12579,196.546875,-41.48
12580,196.5625,-36.76
12581,196.578125,-30.58
12582,196.59375,-23.49
12583,196.609375,-15.99
12584,196.625,-8.25
12585,196.640625,-0.05
12586,196.65625,8.98
12587,196.671875,19.14
12588,196.6875,30.36
12589,196.703125,42.12
12590,196.71875,53.53
12591,196.734375,63.65
12592,196.75,71.67
12593,196.765625,77.18
12594,196.78125,80.16
12595,196.796875,80.98
12596,196.8125,80.19
12597,196.828125,78.45
12598,196.84375,76.27
12599,196.859375,74.05
12600,196.875,71.88
12601,196.890625,69.7
12602,196.90625,67.22
12603,196.921875,64.1
12604,196.9375,60.02
12605,196.953125,54.83
12606,196.96875,48.68
12607,196.984375,42.1
12608,197.0,35.97
12609,197.015625,31.29
12610,197.03125,28.86
12611,197.046875,28.83
12612,197.0625,30.47
12613,197.078125,32.3
12614,197.09375,32.49
12615,197.109375,29.57
12616,197.125,22.96
12617,197.140625,13.15
12618,197.15625,1.49
12619,197.171875,-10.41
12620,197.1875,-21.31
12621,197.203125,-30.84
12622,197.21875,-39.5
12623,197.234375,-48.44
12624,197.25,-58.95
12625,197.265625,-71.99
12626,197.28125,-87.92
12627,197.296875,-106.41
12628,197.3125,-126.54
12629,197.328125,-146.99
12630,197.34375,-166.09
12631,197.359375,-181.94
12632,197.375,-192.59
12633,197.390625,-196.3
12634,197.40625,-192.01
12635,197.421875,-179.71
12636,197.4375,-160.66
12637,197.453125,-137.24
12638,197.46875,-112.32
12639,197.484375,-88.65
12640,197.5,-68.17
12641,197.515625,-51.82
12642,197.53125,-39.57
12643,197.546875,-30.81
12644,197.5625,-24.8
12645,197.578125,-20.91
12646,197.59375,-18.75
12647,197.609375,-18.03
12648,197.625,-18.64
12649,197.640625,-20.53
12650,197.65625,-23.87
12651,197.671875,-28.92
12652,197.6875,-35.94
12653,197.703125,-44.72
12654,197.71875,-54.17
12655,197.734375,-62.26
12656,197.75,-66.37
12657,197.765625,-64.17
12658,197.78125,-54.55
12659,197.796875,-38.25
12660,197.8125,-17.71
12661,197.828125,3.71
12662,197.84375,22.88
12663,197.859375,37.78
12664,197.875,47.82
12665,197.890625,53.52
12666,197.90625,55.85
12667,197.921875,55.8
12668,197.9375,54.07
12669,197.953125,51.15
12670,197.96875,47.63
12671,197.984375,44.2
12672,198.0,41.55
12673,198.015625,40.11
12674,198.03125,39.87
12675,198.046875,40.34
12676,198.0625,40.82
12677,198.078125,40.7
12678,198.09375,39.74
12679,198.109375,38.17
12680,198.125,36.45
12681,198.140625,35.04
12682,198.15625,34.15
12683,198.171875,33.71
12684,198.1875,33.43
12685,198.203125,33.08
12686,198.21875,32.62
12687,198.234375,32.2
12688,198.25,32.08
12689,198.265625,32.39
12690,198.28125,33.04
12691,198.296875,33.7
12692,198.3125,33.87
12693,198.328125,33.08
12694,198.34375,31.05
12695,198.359375,27.86
12696,198.375,24.03
12697,198.390625,20.48
12698,198.40625,18.27
12699,198.421875,18.35
12700,198.4375,21.21
12701,198.453125,26.67
12702,198.46875,33.95
12703,198.484375,41.96
12704,198.5,49.64
12705,198.515625,56.29
12706,198.53125,61.69
12707,198.546875,66.05
12708,198.5625,69.74
12709,198.578125,73.17
12710,198.59375,76.54
12711,198.609375,79.91
12712,198.625,83.14
12713,198.640625,85.96
12714,198.65625,87.95
12715,198.671875,88.66
12716,198.6875,87.79
12717,198.703125,85.38
12718,198.71875,81.93
12719,198.734375,78.21
12720,198.75,74.87
12721,198.765625,72.03
12722,198.78125,68.96
12723,198.796875,64.27
12724,198.8125,56.4
12725,198.828125,44.18
12726,198.84375,27.31
12727,198.859375,6.37
12728,198.875,-17.23
12729,198.890625,-41.74
12730,198.90625,-65.35
12731,198.921875,-86.45
12732,198.9375,-103.82
12733,198.953125,-116.72
12734,198.96875,-124.99
12735,198.984375,-128.86
12736,199.0,-128.91
12737,199.015625,-125.85
12738,199.03125,-120.36
12739,199.046875,-113.11
12740,199.0625,-104.7
12741,199.078125,-95.72
12742,199.09375,-86.66
12743,199.109375,-77.82
12744,199.125,-69.33
12745,199.140625,-61.15
12746,199.15625,-53.23
12747,199.171875,-45.55
12748,199.1875,-38.2
12749,199.203125,-31.22
12750,199.21875,-24.66
12751,199.234375,-18.56
12752,199.25,-12.95
12753,199.265625,-7.86
12754,199.28125,-3.38
12755,199.296875,0.41
12756,199.3125,3.44
12757,199.328125,5.66
12758,199.34375,7.13
12759,199.359375,7.89
12760,199.375,8.03
12761,199.390625,7.66
12762,199.40625,6.88
12763,199.421875,5.84
12764,199.4375,4.63
12765,199.453125,3.31
12766,199.46875,1.87
12767,199.484375,0.26
12768,199.5,-1.58
12769,199.515625,-3.69
12770,199.53125,-6.08
12771,199.546875,-8.73
12772,199.5625,-11.64
12773,199.578125,-14.8
12774,199.59375,-18.13
12775,199.609375,-21.53
12776,199.625,-24.65
12777,199.640625,-27.02
12778,199.65625,-28.14
12779,199.671875,-27.65
12780,199.6875,-25.47
12781,199.703125,-21.86
12782,199.71875,-17.26
12783,199.734375,-12.2
12784,199.75,-7.12
12785,199.765625,-2.34
12786,199.78125,1.9
12787,199.796875,5.51
12788,199.8125,8.4
12789,199.828125,10.61
12790,199.84375,12.26
12791,199.859375,13.55
12792,199.875,14.7
12793,199.890625,15.82
12794,199.90625,16.98
12795,199.921875,18.04
12796,199.9375,18.87
12797,199.953125,19.35
12798,199.96875,19.44
12799,199.984375,19.22
12800,200.0,18.81
12801,200.015625,18.28
12802,200.03125,17.62
12803,200.046875,16.74
12804,200.0625,15.49
12805,200.078125,13.79
12806,200.09375,11.74
12807,200.109375,9.5
12808,200.125,7.29
12809,200.140625,5.21
12810,200.15625,3.21
12811,200.171875,1.11
12812,200.1875,-1.23
12813,200.203125,-3.93
12814,200.21875,-6.96
12815,200.234375,-10.19
12816,200.25,-13.48
12817,200.265625,-16.6
12818,200.28125,-19.24
12819,200.296875,-20.97
12820,200.3125,-21.29
12821,200.328125,-19.76
12822,200.34375,-16.26
12823,200.359375,-11.04
12824,200.375,-4.74
12825,200.390625,1.82
12826,200.40625,7.91
12827,200.421875,13.05
12828,200.4375,17.13
12829,200.453125,20.27
12830,200.46875,22.78
12831,200.484375,24.88
12832,200.5,26.67
12833,200.515625,28.16
12834,200.53125,29.23
12835,200.546875,29.79
12836,200.5625,29.84
12837,200.578125,29.46
12838,200.59375,28.83
12839,200.609375,28.18
12840,200.625,27.69
12841,200.640625,27.4
12842,200.65625,27.27
12843,200.671875,27.08
12844,200.6875,26.59
12845,200.703125,25.57
12846,200.71875,23.91
12847,200.734375,21.68
12848,200.75,19.08
12849,200.765625,16.39
12850,200.78125,13.81
12851,200.796875,11.46
12852,200.8125,9.25
12853,200.828125,7.04
12854,200.84375,4.62
12855,200.859375,1.81
12856,200.875,-1.53
12857,200.890625,-5.47
12858,200.90625,-10.02
12859,200.921875,-15.01
12860,200.9375,-20.05
12861,200.953125,-24.54
12862,200.96875,-27.71
12863,200.984375,-28.93
12864,201.0,-27.9
12865,201.015625,-24.79
12866,201.03125,-20.22
12867,201.046875,-15.03
12868,201.0625,-9.99
12869,201.078125,-5.59
12870,201.09375,-1.97
12871,201.109375,1.0
12872,201.125,3.55
12873,201.140625,5.85
12874,201.15625,7.89
12875,201.171875,9.59
12876,201.1875,10.79
12877,201.203125,11.48
12878,201.21875,11.73
12879,201.234375,11.72
12880,201.25,11.7
12881,201.265625,11.83
12882,201.28125,12.1
12883,201.296875,12.42
12884,201.3125,12.59
12885,201.328125,12.44
12886,201.34375,11.84
12887,201.359375,10.74
12888,201.375,9.15
12889,201.390625,7.1
12890,201.40625,4.65
12891,201.421875,1.89
12892,201.4375,-1.09
12893,201.453125,-4.18
12894,201.46875,-7.31
12895,201.484375,-10.49
12896,201.5,-13.79
12897,201.515625,-17.33
12898,201.53125,-21.21
12899,201.546875,-25.4
12900,201.5625,-29.7
12901,201.578125,-33.7
12902,201.59375,-36.78
12903,201.609375,-38.34
12904,201.625,-37.94
12905,201.640625,-35.44
12906,201.65625,-31.12
12907,201.671875,-25.65
12908,201.6875,-19.84
12909,201.703125,-14.45
12910,201.71875,-9.93
12911,201.734375,-6.4
12912,201.75,-3.69
12913,201.765625,-1.49
12914,201.78125,0.45
12915,201.796875,2.19
12916,201.8125,3.7
12917,201.828125,4.86
12918,201.84375,5.6
12919,201.859375,5.93
12920,201.875,6.03
12921,201.890625,6.07
12922,201.90625,6.33
12923,201.921875,6.93
12924,201.9375,7.81
12925,201.953125,8.74
12926,201.96875,9.3
12927,201.984375,9.13
12928,202.0,8.03
12929,202.015625,6.1
12930,202.03125,3.68
12931,202.046875,1.21
12932,202.0625,-1.05
12933,202.078125,-3.07
12934,202.09375,-5.06
12935,202.109375,-7.25
12936,202.125,-9.79
12937,202.140625,-12.7
12938,202.15625,-15.95
12939,202.171875,-19.5
12940,202.1875,-23.25
12941,202.203125,-26.89
12942,202.21875,-29.87
12943,202.234375,-31.48
12944,202.25,-31.12
12945,202.265625,-28.61
12946,202.28125,-24.26
12947,202.296875,-18.76
12948,202.3125,-12.99
12949,202.328125,-7.56
12950,202.34375,-2.83
12951,202.359375,1.17
12952,202.375,4.57
12953,202.390625,7.52
12954,202.40625,10.06
12955,202.421875,12.19
12956,202.4375,13.86
12957,202.453125,15.07
12958,202.46875,15.87
12959,202.484375,16.34
12960,202.5,16.65
12961,202.515625,16.9
12962,202.53125,17.21
12963,202.546875,17.52
12964,202.5625,17.73
12965,202.578125,17.74
12966,202.59375,17.43
12967,202.609375,16.78
12968,202.625,15.8
12969,202.640625,14.51
12970,202.65625,12.85
12971,202.671875,10.78
12972,202.6875,8.23
12973,202.703125,5.24
12974,202.71875,1.98
12975,202.734375,-1.34
12976,202.75,-4.43
12977,202.765625,-7.2
12978,202.78125,-9.72
12979,202.796875,-12.27
12980,202.8125,-15.21
12981,202.828125,-18.74
12982,202.84375,-22.78
12983,202.859375,-26.81
12984,202.875,-30.09
12985,202.890625,-31.75
12986,202.90625,-31.27
12987,202.921875,-28.59
12988,202.9375,-24.11
12989,202.953125,-18.6
12990,202.96875,-12.82
12991,202.984375,-7.41
12992,203.0,-2.66
12993,203.015625,1.31
12994,203.03125,4.6
12995,203.046875,7.29
12996,203.0625,9.49
12997,203.078125,11.25
12998,203.09375,12.7
12999,203.109375,13.95
13000,203.125,15.14
13001,203.140625,16.31
13002,203.15625,17.43
13003,203.171875,18.38
13004,203.1875,18.98
13005,203.203125,19.22
13006,203.21875,19.13
13007,203.234375,18.9
13008,203.25,18.7
13009,203.265625,18.61
13010,203.28125,18.56
13011,203.296875,18.31
13012,203.3125,17.59
13013,203.328125,16.21
13014,203.34375,14.2
13015,203.359375,11.72
13016,203.375,8.98
13017,203.390625,6.13
13018,203.40625,3.24
13019,203.421875,0.29
13020,203.4375,-2.76
13021,203.453125,-5.94
13022,203.46875,-9.3
13023,203.484375,-12.89
13024,203.5,-16.68
13025,203.515625,-20.58
13026,203.53125,-24.28
13027,203.546875,-27.33
13028,203.5625,-29.18
13029,203.578125,-29.38
13030,203.59375,-27.71
13031,203.609375,-24.29
13032,203.625,-19.51
13033,203.640625,-13.95
13034,203.65625,-8.24
13035,203.671875,-2.9
13036,203.6875,1.76
13037,203.703125,5.63
13038,203.71875,8.87
13039,203.734375,11.71
13040,203.75,14.36
13041,203.765625,16.87
13042,203.78125,19.11
13043,203.796875,20.83
13044,203.8125,21.87
13045,203.828125,22.3
13046,203.84375,22.36
13047,203.859375,22.43
13048,203.875,22.76
13049,203.890625,23.42
13050,203.90625,24.21
13051,203.921875,24.84
13052,203.9375,25.01
13053,203.953125,24.61
13054,203.96875,23.68
13055,203.984375,22.3
13056,204.0,20.51
13057,204.015625,18.29
13058,204.03125,15.58
13059,204.046875,12.39
13060,204.0625,8.85
13061,204.078125,5.23
13062,204.09375,1.85
13063,204.109375,-1.09
13064,204.125,-3.62
13065,204.140625,-5.97
13066,204.15625,-8.58
13067,204.171875,-11.79
13068,204.1875,-15.68
13069,204.203125,-19.97
13070,204.21875,-24.06
13071,204.234375,-27.21
13072,204.25,-28.82
13073,204.265625,-28.54
13074,204.28125,-26.4
13075,204.296875,-22.75
13076,204.3125,-18.14
13077,204.328125,-13.13
13078,204.34375,-8.21
13079,204.359375,-3.7
13080,204.375,0.21
13081,204.390625,3.44
13082,204.40625,6.04
13083,204.421875,8.06
13084,204.4375,9.64
13085,204.453125,10.92
13086,204.46875,12.01
13087,204.484375,13.02
13088,204.5,14.03
13089,204.515625,14.99
13090,204.53125,15.83
13091,204.546875,16.42
13092,204.5625,16.61
13093,204.578125,16.36
13094,204.59375,15.68
13095,204.609375,14.65
13096,204.625,13.36
13097,204.640625,11.88
13098,204.65625,10.18
13099,204.671875,8.16
13100,204.6875,5.69
13101,204.703125,2.65
13102,204.71875,-0.89
13103,204.734375,-4.72
13104,204.75,-8.52
13105,204.765625,-11.97
13106,204.78125,-14.89
13107,204.796875,-17.43
13108,204.8125,-19.92
13109,204.828125,-22.79
13110,204.84375,-26.31
13111,204.859375,-30.44
13112,204.875,-34.76
13113,204.890625,-38.56
13114,204.90625,-41.12
13115,204.921875,-41.85
13116,204.9375,-40.48
13117,204.953125,-37.05
13118,204.96875,-31.95
13119,204.984375,-25.79
13120,205.0,-19.3
13121,205.015625,-13.18
13122,205.03125,-7.98
13123,205.046875,-3.96
13124,205.0625,-1.08
13125,205.078125,0.98
13126,205.09375,2.68
13127,205.109375,4.39
13128,205.125,6.29
13129,205.140625,8.25
13130,205.15625,10.01
13131,205.171875,11.26
13132,205.1875,11.89
13133,205.203125,12.05
13134,205.21875,12.09
13135,205.234375,12.34
13136,205.25,12.95
13137,205.265625,13.79
13138,205.28125,14.47
13139,205.296875,14.57
13140,205.3125,13.78
13141,205.328125,12.05
13142,205.34375,9.57
13143,205.359375,6.58
13144,205.375,3.33
13145,205.390625,-0.02
13146,205.40625,-3.45
13147,205.421875,-6.95
13148,205.4375,-10.57
13149,205.453125,-14.3
13150,205.46875,-18.2
13151,205.484375,-22.28
13152,205.5,-26.42
13153,205.515625,-30.38
13154,205.53125,-33.67
13155,205.546875,-35.72
13156,205.5625,-35.99
13157,205.578125,-34.15
13158,205.59375,-30.25
13159,205.609375,-24.69
13160,205.625,-18.2
13161,205.640625,-11.54
13162,205.65625,-5.43
13163,205.671875,-0.3
13164,205.6875,3.7
13165,205.703125,6.75
13166,205.71875,9.18
13167,205.734375,11.37
13168,205.75,13.6
13169,205.765625,15.92
13170,205.78125,18.2
13171,205.796875,20.15
13172,205.8125,21.49
13173,205.828125,22.08
13174,205.84375,22.02
13175,205.859375,21.61
13176,205.875,21.21
13177,205.890625,21.02
13178,205.90625,20.99
13179,205.921875,20.82
13180,205.9375,20.16
13181,205.953125,18.82
13182,205.96875,16.89
13183,205.984375,14.6
13184,206.0,12.26
13185,206.015625,10.0
13186,206.03125,7.7
13187,206.046875,5.14
13188,206.0625,2.12
13189,206.078125,-1.44
13190,206.09375,-5.55
13191,206.109375,-10.13
13192,206.125,-15.12
13193,206.140625,-20.4
13194,206.15625,-25.62
13195,206.171875,-30.26
13196,206.1875,-33.6
13197,206.203125,-34.99
13198,206.21875,-34.12
13199,206.234375,-31.07
13200,206.25,-26.27
13201,206.265625,-20.37
13202,206.28125,-14.0
13203,206.296875,-7.66
13204,206.3125,-1.75
13205,206.328125,3.52
13206,206.34375,8.03
13207,206.359375,11.81
13208,206.375,14.94
13209,206.390625,17.59
13210,206.40625,19.88
13211,206.421875,21.83
13212,206.4375,23.36
13213,206.453125,24.38
13214,206.46875,24.85
13215,206.484375,24.87
13216,206.5,24.59
13217,206.515625,24.2
13218,206.53125,23.85
13219,206.546875,23.56
13220,206.5625,23.23
13221,206.578125,22.72
13222,206.59375,21.94
13223,206.609375,20.86
13224,206.625,19.47
13225,206.640625,17.81
13226,206.65625,15.94
13227,206.671875,13.9
13228,206.6875,11.71
13229,206.703125,9.41
13230,206.71875,7.06
13231,206.734375,4.63
13232,206.75,2.0
13233,206.765625,-1.1
13234,206.78125,-4.98
13235,206.796875,-9.74
13236,206.8125,-15.18
13237,206.828125,-20.72
13238,206.84375,-25.48
13239,206.859375,-28.58
13240,206.875,-29.42
13241,206.890625,-27.87
13242,206.90625,-24.29
13243,206.921875,-19.35
13244,206.9375,-13.82
13245,206.953125,-8.34
13246,206.96875,-3.24
13247,206.984375,1.39
13248,207.0,5.62
13249,207.015625,9.57
13250,207.03125,13.31
13251,207.046875,16.78
13252,207.0625,19.88
13253,207.078125,22.45
13254,207.09375,24.43
13255,207.109375,25.82
13256,207.125,26.73
13257,207.140625,27.31
13258,207.15625,27.63
13259,207.171875,27.73
13260,207.1875,27.64
13261,207.203125,27.37
13262,207.21875,26.99
13263,207.234375,26.61
13264,207.25,26.27
13265,207.265625,25.88
13266,207.28125,25.24
13267,207.296875,24.05
13268,207.3125,22.09
13269,207.328125,19.31
13270,207.34375,15.85
13271,207.359375,12.03
13272,207.375,8.12
13273,207.390625,4.34
13274,207.40625,0.66
13275,207.421875,-3.02
13276,207.4375,-6.91
13277,207.453125,-11.21
13278,207.46875,-16.02
13279,207.484375,-21.23
13280,207.5,-26.43
13281,207.515625,-30.98
13282,207.53125,-34.11
13283,207.546875,-35.16
13284,207.5625,-33.83
13285,207.578125,-30.26
13286,207.59375,-25.07
13287,207.609375,-19.04
13288,207.625,-12.99
13289,207.640625,-7.48
13290,207.65625,-2.8
13291,207.671875,0.97
13292,207.6875,3.94
13293,207.703125,6.22
13294,207.71875,7.95
13295,207.734375,9.27
13296,207.75,10.28
13297,207.765625,11.05
13298,207.78125,11.59
13299,207.796875,11.89
13300,207.8125,11.92
13301,207.828125,11.73
13302,207.84375,11.33
13303,207.859375,10.69
13304,207.875,9.83
13305,207.890625,8.76
13306,207.90625,7.53
13307,207.921875,6.2
13308,207.9375,4.82
13309,207.953125,3.34
13310,207.96875,1.67
13311,207.984375,-0.32
13312,208.0,-2.69
13313,208.015625,-5.38
13314,208.03125,-8.19
13315,208.046875,-10.95
13316,208.0625,-13.62
13317,208.078125,-16.37
13318,208.09375,-19.54
13319,208.109375,-23.47
13320,208.125,-28.25
13321,208.140625,-33.56
13322,208.15625,-38.65
13323,208.171875,-42.58
13324,208.1875,-44.41
13325,208.203125,-43.61
13326,208.21875,-40.18
13327,208.234375,-34.64
13328,208.25,-27.83
13329,208.265625,-20.61
13330,208.28125,-13.66
13331,208.296875,-7.38
13332,208.3125,-1.96
13333,208.328125,2.57
13334,208.34375,6.3
13335,208.359375,9.4
13336,208.375,12.05
13337,208.390625,14.4
13338,208.40625,16.51
13339,208.421875,18.35
13340,208.4375,19.8
13341,208.453125,20.8
13342,208.46875,21.39
13343,208.484375,21.72
13344,208.5,21.94
13345,208.515625,22.13
13346,208.53125,22.24
13347,208.546875,22.12
13348,208.5625,21.6
13349,208.578125,20.62
13350,208.59375,19.14
13351,208.609375,17.16
13352,208.625,14.7
13353,208.640625,11.76
13354,208.65625,8.43
13355,208.671875,4.87
13356,208.6875,1.29
13357,208.703125,-2.21
13358,208.71875,-5.62
13359,208.734375,-9.15
13360,208.75,-13.06
13361,208.765625,-17.53
13362,208.78125,-22.52
13363,208.796875,-27.73
13364,208.8125,-32.58
13365,208.828125,-36.4
13366,208.84375,-38.59
13367,208.859375,-38.68
13368,208.875,-36.58
13369,208.890625,-32.55
13370,208.90625,-27.14
13371,208.921875,-21.1
13372,208.9375,-15.1
13373,208.953125,-9.57
13374,208.96875,-4.56
13375,208.984375,0.12
13376,209.0,4.7
13377,209.015625,9.28
13378,209.03125,13.74
13379,209.046875,17.82
13380,209.0625,21.24
13381,209.078125,23.91
13382,209.09375,25.83
13383,209.109375,27.13
13384,209.125,27.89
13385,209.140625,28.16
13386,209.15625,27.94
13387,209.171875,27.31
13388,209.1875,26.46
13389,209.203125,25.63
13390,209.21875,24.99
13391,209.234375,24.57
13392,209.25,24.2
13393,209.265625,23.64
13394,209.28125,22.61
13395,209.296875,20.98
13396,209.3125,18.72
13397,209.328125,15.91
13398,209.34375,12.69
13399,209.359375,9.22
13400,209.375,5.61
13401,209.390625,1.9
13402,209.40625,-1.94
13403,209.421875,-6.03
13404,209.4375,-10.47
13405,209.453125,-15.23
13406,209.46875,-20.06
13407,209.484375,-24.4
13408,209.5,-27.56
13409,209.515625,-28.91
13410,209.53125,-28.07
13411,209.546875,-25.04
13412,209.5625,-20.22
13413,209.578125,-14.3
13414,209.59375,-7.96
13415,209.609375,-1.82
13416,209.625,3.72
13417,209.640625,8.48
13418,209.65625,12.4
13419,209.671875,15.59
13420,209.6875,18.2
13421,209.703125,20.38
13422,209.71875,22.25
13423,209.734375,23.88
13424,209.75,25.24
13425,209.765625,26.3
13426,209.78125,26.95
13427,209.796875,27.13
13428,209.8125,26.8
13429,209.828125,26.06
13430,209.84375,25.04
13431,209.859375,23.95
13432,209.875,22.93
13433,209.890625,22.0
13434,209.90625,21.07
13435,209.921875,19.92
13436,209.9375,18.36
13437,209.953125,16.25
13438,209.96875,13.57
13439,209.984375,10.4
13440,210.0,6.92
13441,210.015625,3.21
13442,210.03125,-0.66
13443,210.046875,-4.73
13444,210.0625,-9.09
13445,210.078125,-13.84
13446,210.09375,-18.94
13447,210.109375,-24.14
13448,210.125,-28.96
13449,210.140625,-32.79
13450,210.15625,-35.02
13451,210.171875,-35.28
13452,210.1875,-33.51
13453,210.203125,-30.03
13454,210.21875,-25.4
13455,210.234375,-20.3
13456,210.25,-15.3
13457,210.265625,-10.79
13458,210.28125,-6.95
13459,210.296875,-3.78
13460,210.3125,-1.17
13461,210.328125,1.01
13462,210.34375,2.79
13463,210.359375,4.17
13464,210.375,5.06
13465,210.390625,5.45
13466,210.40625,5.43
13467,210.421875,5.25
13468,210.4375,5.19
13469,210.453125,5.49
13470,210.46875,6.22
13471,210.484375,7.24
13472,210.5,8.28
13473,210.515625,9.02
13474,210.53125,9.15
13475,210.546875,8.43
13476,210.5625,6.76
13477,210.578125,4.24
13478,210.59375,1.09
13479,210.609375,-2.33
13480,210.625,-5.73
13481,210.640625,-8.93
13482,210.65625,-11.99
13483,210.671875,-15.15
13484,210.6875,-18.68
13485,210.703125,-22.74
13486,210.71875,-27.3
13487,210.734375,-32.05
13488,210.75,-36.49
13489,210.765625,-40.03
13490,210.78125,-42.06
13491,210.796875,-42.09
13492,210.8125,-39.86
13493,210.828125,-35.39
13494,210.84375,-29.07
13495,210.859375,-21.55
13496,210.875,-13.65
13497,210.890625,-6.15
13498,210.90625,0.38
13499,210.921875,5.71
13500,210.9375,9.9
13501,210.953125,13.26
13502,210.96875,16.12
13503,210.984375,18.67
13504,211.0,20.93
13505,211.015625,22.74
13506,211.03125,23.97
13507,211.046875,24.58
13508,211.0625,24.74
13509,211.078125,24.64
13510,211.09375,24.48
13511,211.109375,24.34
13512,211.125,24.13
13513,211.140625,23.79
13514,211.15625,23.2
13515,211.171875,22.33
13516,211.1875,21.11
13517,211.203125,19.41
13518,211.21875,17.08
13519,211.234375,14.0
13520,211.25,10.19
13521,211.265625,5.9
13522,211.28125,1.49
13523,211.296875,-2.65
13524,211.3125,-6.4
13525,211.328125,-9.91
13526,211.34375,-13.56
13527,211.359375,-17.76
13528,211.375,-22.62
13529,211.390625,-27.83
13530,211.40625,-32.64
13531,211.421875,-36.13
13532,211.4375,-37.51
13533,211.453125,-36.47
13534,211.46875,-33.13
13535,211.484375,-28.08
13536,211.5,-22.05
13537,211.515625,-15.75
13538,211.53125,-9.75
13539,211.546875,-4.36
13540,211.5625,0.29
13541,211.578125,4.27
13542,211.59375,7.76
13543,211.609375,10.99
13544,211.625,14.13
13545,211.640625,17.26
13546,211.65625,20.33
13547,211.671875,23.22
13548,211.6875,25.83
13549,211.703125,28.12
13550,211.71875,30.06
13551,211.734375,31.65
13552,211.75,32.85
13553,211.765625,33.67
13554,211.78125,34.09
13555,211.796875,34.11
13556,211.8125,33.69
13557,211.828125,32.72
13558,211.84375,31.07
13559,211.859375,28.73
13560,211.875,25.78
13561,211.890625,22.42
13562,211.90625,18.87
13563,211.921875,15.33
13564,211.9375,11.82
13565,211.953125,8.35
13566,211.96875,4.82
13567,211.984375,1.14
13568,212.0,-2.81
13569,212.015625,-7.16
13570,212.03125,-12.01
13571,212.046875,-17.31
13572,212.0625,-22.72
13573,212.078125,-27.57
13574,212.09375,-31.03
13575,212.109375,-32.38
13576,212.125,-31.27
13577,212.140625,-27.87
13578,212.15625,-22.79
13579,212.171875,-16.86
13580,212.1875,-10.86
13581,212.203125,-5.31
13582,212.21875,-0.41
13583,212.234375,3.86
13584,212.25,7.58
13585,212.265625,10.83
13586,212.28125,13.65
13587,212.296875,16.1
13588,212.3125,18.2
13589,212.328125,20.03
13590,212.34375,21.56
13591,212.359375,22.78
13592,212.375,23.62
13593,212.390625,24.05
13594,212.40625,24.12
13595,212.421875,23.97
13596,212.4375,23.78
13597,212.453125,23.62
13598,212.46875,23.45
13599,212.484375,23.03
13600,212.5,22.11
13601,212.515625,20.56
13602,212.53125,18.41
13603,212.546875,15.85
13604,212.5625,13.05
13605,212.578125,10.12
13606,212.59375,7.05
13607,212.609375,3.79
13608,212.625,0.27
13609,212.640625,-3.58
13610,212.65625,-7.8
13611,212.671875,-12.5
13612,212.6875,-17.78
13613,212.703125,-23.54
13614,212.71875,-29.43
13615,212.734375,-34.68
13616,212.75,-38.41
13617,212.765625,-39.81
13618,212.78125,-38.52
13619,212.796875,-34.75
13620,212.8125,-29.24
13621,212.828125,-22.93
13622,212.84375,-16.68
13623,212.859375,-11.04
13624,212.875,-6.23
13625,212.890625,-2.19
13626,212.90625,1.19
13627,212.921875,3.98
13628,212.9375,6.18
13629,212.953125,7.74
13630,212.96875,8.62
13631,212.984375,8.93
13632,213.0,8.78
13633,213.015625,8.38
13634,213.03125,7.94
13635,213.046875,7.63
13636,213.0625,7.57
13637,213.078125,7.74
13638,213.09375,7.98
13639,213.109375,8.05
13640,213.125,7.67
13641,213.140625,6.62
13642,213.15625,4.84
13643,213.171875,2.44
13644,213.1875,-0.36
13645,213.203125,-3.26
13646,213.21875,-6.1
13647,213.234375,-8.83
13648,213.25,-11.57
13649,213.265625,-14.61
13650,213.28125,-18.23
13651,213.296875,-22.61
13652,213.3125,-27.72
13653,213.328125,-33.19
13654,213.34375,-38.38
13655,213.359375,-42.43
13656,213.375,-44.52
13657,213.390625,-44.06
13658,213.40625,-40.95
13659,213.421875,-35.56
13660,213.4375,-28.65
13661,213.453125,-21.12
13662,213.46875,-13.8
13663,213.484375,-7.22
13664,213.5,-1.6
13665,213.515625,3.18
13666,213.53125,7.37
13667,213.546875,11.23
13668,213.5625,14.91
13669,213.578125,18.38
13670,213.59375,21.42
13671,213.609375,23.71
13672,213.625,25.03
13673,213.640625,25.32
13674,213.65625,24.8
13675,213.671875,23.88
13676,213.6875,22.96
13677,213.703125,22.3
13678,213.71875,21.89
13679,213.734375,21.47
13680,213.75,20.68
13681,213.765625,19.19
13682,213.78125,16.86
13683,213.796875,13.74
13684,213.8125,10.05
13685,213.828125,6.06
13686,213.84375,2.07
13687,213.859375,-1.75
13688,213.875,-5.35
13689,213.890625,-8.86
13690,213.90625,-12.47
13691,213.921875,-16.42
13692,213.9375,-20.85
13693,213.953125,-25.61
13694,213.96875,-30.26
13695,213.984375,-34.08
13696,214.0,-36.34
13697,214.015625,-36.46
13698,214.03125,-34.21
13699,214.046875,-29.75
13700,214.0625,-23.67
13701,214.078125,-16.71
13702,214.09375,-9.69
13703,214.109375,-3.23
13704,214.125,2.34
13705,214.140625,6.99
13706,214.15625,10.92
13707,214.171875,14.45
13708,214.1875,17.8
13709,214.203125,21.02
13710,214.21875,24.05
13711,214.234375,26.67
13712,214.25,28.73
13713,214.265625,30.2
13714,214.28125,31.14
13715,214.296875,31.62
13716,214.3125,31.76
13717,214.328125,31.61
13718,214.34375,31.22
13719,214.359375,30.57
13720,214.375,29.6
13721,214.390625,28.2
13722,214.40625,26.28
13723,214.421875,23.84
13724,214.4375,20.95
13725,214.453125,17.71
13726,214.46875,14.22
13727,214.484375,10.49
13728,214.5,6.45
13729,214.515625,1.97
13730,214.53125,-3.03
13731,214.546875,-8.53
13732,214.5625,-14.37
13733,214.578125,-20.2
13734,214.59375,-25.58
13735,214.609375,-29.96
13736,214.625,-32.83
13737,214.640625,-33.75
13738,214.65625,-32.56
13739,214.671875,-29.41
13740,214.6875,-24.75
13741,214.703125,-19.18
13742,214.71875,-13.38
13743,214.734375,-7.9
13744,214.75,-3.06
13745,214.765625,1.06
13746,214.78125,4.59
13747,214.796875,7.74
13748,214.8125,10.64
13749,214.828125,13.29
13750,214.84375,15.56
13751,214.859375,17.23
13752,214.875,18.21
13753,214.890625,18.55
13754,214.90625,18.48
13755,214.921875,18.3
13756,214.9375,18.23
13757,214.953125,18.31
13758,214.96875,18.39
13759,214.984375,18.24
13760,215.0,17.67
13761,215.015625,16.55
13762,215.03125,14.88
13763,215.046875,12.72
13764,215.0625,10.16
13765,215.078125,7.28
13766,215.09375,4.15
13767,215.109375,0.85
13768,215.125,-2.59
13769,215.140625,-6.16
13770,215.15625,-9.94
13771,215.171875,-14.08
13772,215.1875,-18.65
13773,215.203125,-23.6
13774,215.21875,-28.61
13775,215.234375,-33.13
13776,215.25,-36.45
13777,215.265625,-37.99
13778,215.28125,-37.42
13779,215.296875,-34.84
13780,215.3125,-30.72
13781,215.328125,-25.69
13782,215.34375,-20.41
13783,215.359375,-15.35
13784,215.375,-10.73
13785,215.390625,-6.58
13786,215.40625,-2.82
13787,215.421875,0.65
13788,215.4375,3.83
13789,215.453125,6.65
13790,215.46875,8.99
13791,215.484375,10.71
13792,215.5,11.76
13793,215.515625,12.2
13794,215.53125,12.19
13795,215.546875,11.92
13796,215.5625,11.52
13797,215.578125,11.03
13798,215.59375,10.35
13799,215.609375,9.4
13800,215.625,8.12
13801,215.640625,6.54
13802,215.65625,4.75
13803,215.671875,2.82
13804,215.6875,0.72
13805,215.703125,-1.6
13806,215.71875,-4.22
13807,215.734375,-7.25
13808,215.75,-10.7
13809,215.765625,-14.63
13810,215.78125,-18.99
13811,215.796875,-23.67
13812,215.8125,-28.37
13813,215.828125,-32.57
13814,215.84375,-35.57
13815,215.859375,-36.69
13816,215.875,-35.52
13817,215.890625,-32.06
13818,215.90625,-26.74
13819,215.921875,-20.29
13820,215.9375,-13.45
13821,215.953125,-6.82
13822,215.96875,-0.82
13823,215.984375,4.44
13824,216.0,8.92
13825,216.015625,12.71
13826,216.03125,15.9
13827,216.046875,18.54
13828,216.0625,20.63
13829,216.078125,22.12
13830,216.09375,23.03
13831,216.109375,23.38
13832,216.125,23.37
13833,216.140625,23.22
13834,216.15625,23.06
13835,216.171875,22.91
13836,216.1875,22.59
13837,216.203125,21.89
13838,216.21875,20.62
13839,216.234375,18.83
13840,216.25,16.67
13841,216.265625,14.38
13842,216.28125,12.14
13843,216.296875,9.96
13844,216.3125,7.67
13845,216.328125,5.02
13846,216.34375,1.78
13847,216.359375,-2.18
13848,216.375,-6.82
13849,216.390625,-12.0
13850,216.40625,-17.37
13851,216.421875,-22.5
13852,216.4375,-26.88
13853,216.453125,-29.96
13854,216.46875,-31.29
13855,216.484375,-30.62
13856,216.5,-27.96
13857,216.515625,-23.61
13858,216.53125,-18.11
13859,216.546875,-12.02
13860,216.5625,-5.93
13861,216.578125,-0.18
13862,216.59375,5.05
13863,216.609375,9.74
13864,216.625,13.96
13865,216.640625,17.77
13866,216.65625,21.17
13867,216.671875,24.11
13868,216.6875,26.48
13869,216.703125,28.2
13870,216.71875,29.29
13871,216.734375,29.87
13872,216.75,30.12
13873,216.765625,30.29
13874,216.78125,30.51
13875,216.796875,30.79
13876,216.8125,30.91
13877,216.828125,30.56
13878,216.84375,29.49
13879,216.859375,27.56
13880,216.875,24.88
13881,216.890625,21.66
13882,216.90625,18.18
13883,216.921875,14.64
13884,216.9375,11.12
13885,216.953125,7.62
13886,216.96875,4.06
13887,216.984375,0.34
13888,217.0,-3.62
13889,217.015625,-7.92
13890,217.03125,-12.58
13891,217.046875,-17.52
13892,217.0625,-22.37
13893,217.078125,-26.57
13894,217.09375,-29.38
13895,217.109375,-30.2
13896,217.125,-28.79
13897,217.140625,-25.34
13898,217.15625,-20.42
13899,217.171875,-14.82
13900,217.1875,-9.24
13901,217.203125,-4.16
13902,217.21875,0.25
13903,217.234375,4.01
13904,217.25,7.27
13905,217.265625,10.15
13906,217.28125,12.75
13907,217.296875,15.09
13908,217.3125,17.12
13909,217.328125,18.79
13910,217.34375,20.02
13911,217.359375,20.73
13912,217.375,20.95
13913,217.390625,20.75
13914,217.40625,20.26
13915,217.421875,19.58
13916,217.4375,18.82
13917,217.453125,18.0
13918,217.46875,17.15
13919,217.484375,16.16
13920,217.5,14.9
13921,217.515625,13.19
13922,217.53125,10.95
13923,217.546875,8.18
13924,217.5625,5.07
13925,217.578125,1.88
13926,217.59375,-1.2
13927,217.609375,-4.13
13928,217.625,-7.07
13929,217.640625,-10.29
13930,217.65625,-14.01
13931,217.671875,-18.25
13932,217.6875,-22.77
13933,217.703125,-27.07
13934,217.71875,-30.56
13935,217.734375,-32.72
13936,217.75,-33.18
13937,217.765625,-31.8
13938,217.78125,-28.72
13939,217.796875,-24.34
13940,217.8125,-19.22
13941,217.828125,-13.96
13942,217.84375,-9.04
13943,217.859375,-4.75
13944,217.875,-1.16
13945,217.890625,1.84
13946,217.90625,4.36
13947,217.921875,6.47
13948,217.9375,8.13
13949,217.953125,9.22
13950,217.96875,9.72
13951,217.984375,9.7
13952,218.0,9.38
13953,218.015625,9.07
13954,218.03125,9.03
13955,218.046875,9.34
13956,218.0625,9.88
13957,218.078125,10.4
13958,218.09375,10.6
13959,218.109375,10.24
13960,218.125,9.25
13961,218.140625,7.67
13962,218.15625,5.62
13963,218.171875,3.26
13964,218.1875,0.65
13965,218.203125,-2.13
13966,218.21875,-5.01
13967,218.234375,-8.02
13968,218.25,-11.22
13969,218.265625,-14.78
13970,218.28125,-18.93
13971,218.296875,-23.73
13972,218.3125,-28.93
13973,218.328125,-33.94
13974,218.34375,-37.89
13975,218.359375,-39.89
13976,218.375,-39.37
13977,218.390625,-36.27
13978,218.40625,-31.06
13979,218.421875,-24.56
13980,218.4375,-17.65
13981,218.453125,-11.02
13982,218.46875,-5.08
13983,218.484375,0.06
13984,218.5,4.46
13985,218.515625,8.23
13986,218.53125,11.43
13987,218.546875,14.09
13988,218.5625,16.21
13989,218.578125,17.82
13990,218.59375,18.97
13991,218.609375,19.76
13992,218.625,20.27
13993,218.640625,20.56
13994,218.65625,20.66
13995,218.671875,20.55
13996,218.6875,20.15
13997,218.703125,19.4
13998,218.71875,18.26
13999,218.734375,16.76
14000,218.75,14.94
14001,218.765625,12.88
14002,218.78125,10.6
14003,218.796875,8.07
14004,218.8125,5.29
14005,218.828125,2.24
14006,218.84375,-1.08
14007,218.859375,-4.68
14008,218.875,-8.58
14009,218.890625,-12.86
14010,218.90625,-17.55
14011,218.921875,-22.51
14012,218.9375,-27.32
14013,218.953125,-31.4
14014,218.96875,-34.1
14015,218.984375,-34.93
14016,219.0,-33.71
14017,219.015625,-30.6
14018,219.03125,-26.02
14019,219.046875,-20.51
14020,219.0625,-14.63
14021,219.078125,-8.79
14022,219.09375,-3.32
14023,219.109375,1.59
14024,219.125,5.89
14025,219.140625,9.63
14026,219.15625,12.9
14027,219.171875,15.76
14028,219.1875,18.24
14029,219.203125,20.37
14030,219.21875,22.13
14031,219.234375,23.54
14032,219.25,24.65
14033,219.265625,25.52
14034,219.28125,26.16
14035,219.296875,26.57
14036,219.3125,26.72
14037,219.328125,26.55
14038,219.34375,26.04
14039,219.359375,25.14
14040,219.375,23.79
14041,219.390625,21.98
14042,219.40625,19.69
14043,219.421875,16.97
14044,219.4375,13.94
14045,219.453125,10.73
14046,219.46875,7.47
14047,219.484375,4.17
14048,219.5,0.75
14049,219.515625,-2.99
14050,219.53125,-7.26
14051,219.546875,-12.23
14052,219.5625,-17.87
14053,219.578125,-23.83
14054,219.59375,-29.56
14055,219.609375,-34.29
14056,219.625,-37.35
14057,219.640625,-38.28
14058,219.65625,-37.07
14059,219.671875,-34.02
14060,219.6875,-29.71
14061,219.703125,-24.74
14062,219.71875,-19.65
14063,219.734375,-14.81
14064,219.75,-10.43
14065,219.765625,-6.61
14066,219.78125,-3.35
14067,219.796875,-0.66
14068,219.8125,1.5
14069,219.828125,3.23
14070,219.84375,4.6
14071,219.859375,5.73
14072,219.875,6.74
14073,219.890625,7.75
14074,219.90625,8.93
14075,219.921875,10.46
14076,219.9375,12.46
14077,219.953125,15.0
14078,219.96875,18.05
14079,219.984375,21.47
14080,220.0,25.1
14081,220.015625,28.72
14082,220.03125,32.09
14083,220.046875,35.01
14084,220.0625,37.21
14085,220.078125,38.4
14086,220.09375,38.3
14087,220.109375,36.74
14088,220.125,33.67
14089,220.140625,29.22
14090,220.15625,23.63
14091,220.171875,17.16
14092,220.1875,10.12
14093,220.203125,2.82
14094,220.21875,-4.4
14095,220.234375,-11.17
14096,220.25,-17.12
14097,220.265625,-21.98
14098,220.28125,-25.58
14099,220.296875,-27.87
14100,220.3125,-28.92
14101,220.328125,-28.84
14102,220.34375,-27.81
14103,220.359375,-26.08
14104,220.375,-23.88
14105,220.390625,-21.44
14106,220.40625,-18.91
14107,220.421875,-16.33
14108,220.4375,-13.62
14109,220.453125,-10.76
14110,220.46875,-7.85
14111,220.484375,-5.12
14112,220.5,-2.84
14113,220.515625,-1.14
14114,220.53125,0.08
14115,220.546875,1.08
14116,220.5625,2.2
14117,220.578125,3.64
14118,220.59375,5.34
14119,220.609375,7.09
14120,220.625,8.55
14121,220.640625,9.49
14122,220.65625,9.84
14123,220.671875,9.6
14124,220.6875,8.84
14125,220.703125,7.59
14126,220.71875,5.88
14127,220.734375,3.71
14128,220.75,1.16
14129,220.765625,-1.69
14130,220.78125,-4.83
14131,220.796875,-8.28
14132,220.8125,-12.2
14133,220.828125,-16.69
14134,220.84375,-21.74
14135,220.859375,-27.15
14136,220.875,-32.41
14137,220.890625,-36.8
14138,220.90625,-39.57
14139,220.921875,-40.08
14140,220.9375,-38.05
14141,220.953125,-33.62
14142,220.96875,-27.36
14143,220.984375,-20.11
14144,221.0,-12.81
14145,221.015625,-6.17
14146,221.03125,-0.61
14147,221.046875,3.8
14148,221.0625,7.27
14149,221.078125,10.16
14150,221.09375,12.8
14151,221.109375,15.37
14152,221.125,17.9
14153,221.140625,20.24
14154,221.15625,22.2
14155,221.171875,23.62
14156,221.1875,24.47
14157,221.203125,24.82
14158,221.21875,24.78
14159,221.234375,24.49
14160,221.25,24.04
14161,221.265625,23.44
14162,221.28125,22.67
14163,221.296875,21.68
14164,221.3125,20.37
14165,221.328125,18.67
14166,221.34375,16.5
14167,221.359375,13.83
14168,221.375,10.68
14169,221.390625,7.14
14170,221.40625,3.34
14171,221.421875,-0.62
14172,221.4375,-4.67
14173,221.453125,-8.8
14174,221.46875,-13.09
14175,221.484375,-17.62
14176,221.5,-22.48
14177,221.515625,-27.6
14178,221.53125,-32.68
14179,221.546875,-37.14
14180,221.5625,-40.24
14181,221.578125,-41.24
14182,221.59375,-39.7
14183,221.609375,-35.71
14184,221.625,-29.78
14185,221.640625,-22.81
14186,221.65625,-15.76
14187,221.671875,-9.34
14188,221.6875,-3.9
14189,221.703125,0.58
14190,221.71875,4.31
14191,221.734375,7.6
14192,221.75,10.61
14193,221.765625,13.46
14194,221.78125,16.08
14195,221.796875,18.41
14196,221.8125,20.4
14197,221.828125,22.01
14198,221.84375,23.26
14199,221.859375,24.17
14200,221.875,24.77
14201,221.890625,25.11
14202,221.90625,25.27
14203,221.921875,25.33
14204,221.9375,25.37
14205,221.953125,25.37
14206,221.96875,25.18
14207,221.984375,24.61
14208,222.0,23.45
14209,222.015625,21.58
14210,222.03125,19.04
14211,222.046875,15.97
14212,222.0625,12.6
14213,222.078125,9.18
14214,222.09375,5.9
14215,222.109375,2.82
14216,222.125,-0.06
14217,222.140625,-2.9
14218,222.15625,-5.97
14219,222.171875,-9.58
14220,222.1875,-13.95
14221,222.203125,-19.03
14222,222.21875,-24.4
14223,222.234375,-29.32
14224,222.25,-32.91
14225,222.265625,-34.37
14226,222.28125,-33.35
14227,222.296875,-29.95
14228,222.3125,-24.72
14229,222.328125,-18.49
14230,222.34375,-12.08
14231,222.359375,-6.13
14232,222.375,-0.99
14233,222.390625,3.29
14234,222.40625,6.86
14235,222.421875,9.95
14236,222.4375,12.78
14237,222.453125,15.5
14238,222.46875,18.14
14239,222.484375,20.59
14240,222.5,22.65
14241,222.515625,24.09
14242,222.53125,24.78
14243,222.546875,24.76
14244,222.5625,24.25
14245,222.578125,23.61
14246,222.59375,23.15
14247,222.609375,22.98
14248,222.625,22.99
14249,222.640625,22.86
14250,222.65625,22.27
14251,222.671875,21.02
14252,222.6875,19.08
14253,222.703125,16.58
14254,222.71875,13.68
14255,222.734375,10.54
14256,222.75,7.24
14257,222.765625,3.9
14258,222.78125,0.61
14259,222.796875,-2.5
14260,222.8125,-5.43
14261,222.828125,-8.3
14262,222.84375,-11.42
14263,222.859375,-15.1
14264,222.875,-19.52
14265,222.890625,-24.54
14266,222.90625,-29.66
14267,222.921875,-34.11
14268,222.9375,-37.1
14269,222.953125,-38.06
14270,222.96875,-36.86
14271,222.984375,-33.74
14272,223.0,-29.22
14273,223.015625,-23.94
14274,223.03125,-18.47
14275,223.046875,-13.28
14276,223.0625,-8.69
14277,223.078125,-4.8
14278,223.09375,-1.61
14279,223.109375,1.02
14280,223.125,3.27
14281,223.140625,5.19
14282,223.15625,6.79
14283,223.171875,7.95
14284,223.1875,8.63
14285,223.203125,8.91
14286,223.21875,8.99
14287,223.234375,9.06
14288,223.25,9.28
14289,223.265625,9.56
14290,223.28125,9.75
14291,223.296875,9.64
14292,223.3125,9.14
14293,223.328125,8.27
14294,223.34375,7.11
14295,223.359375,5.73
14296,223.375,4.09
14297,223.390625,2.13
14298,223.40625,-0.21
14299,223.421875,-2.92
14300,223.4375,-5.86
14301,223.453125,-8.85
14302,223.46875,-11.8
14303,223.484375,-14.76
14304,223.5,-17.96
14305,223.515625,-21.76
14306,223.53125,-26.36
14307,223.546875,-31.7
14308,223.5625,-37.26
14309,223.578125,-42.14
14310,223.59375,-45.35
14311,223.609375,-46.12
14312,223.625,-44.18
14313,223.640625,-39.86
14314,223.65625,-33.84
14315,223.671875,-26.94
14316,223.6875,-19.85
14317,223.703125,-12.95
14318,223.71875,-6.42
14319,223.734375,-0.38
14320,223.75,5.1
14321,223.765625,9.88
14322,223.78125,13.86
14323,223.796875,17.01
14324,223.8125,19.42
14325,223.828125,21.25
14326,223.84375,22.72
14327,223.859375,24.06
14328,223.875,25.34
14329,223.890625,26.56
14330,223.90625,27.58
14331,223.921875,28.19
14332,223.9375,28.26
14333,223.953125,27.78
14334,223.96875,26.85
14335,223.984375,25.6
14336,224.0,24.06
14337,224.015625,22.1
14338,224.03125,19.49
14339,224.046875,16.09
14340,224.0625,11.94
14341,224.078125,7.4
14342,224.09375,2.88
14343,224.109375,-1.2
14344,224.125,-4.68
14345,224.140625,-7.65
14346,224.15625,-10.43
14347,224.171875,-13.39
14348,224.1875,-16.85
14349,224.203125,-20.97
14350,224.21875,-25.6
14351,224.234375,-30.4
14352,224.25,-34.72
14353,224.265625,-37.85
14354,224.28125,-39.17
14355,224.296875,-38.28
14356,224.3125,-35.19
14357,224.328125,-30.26
14358,224.34375,-24.12
14359,224.359375,-17.42
14360,224.375,-10.79
14361,224.390625,-4.66
14362,224.40625,0.74
14363,224.421875,5.35
14364,224.4375,9.24
14365,224.453125,12.56
14366,224.46875,15.45
14367,224.484375,18.0
14368,224.5,20.23
14369,224.515625,22.06
14370,224.53125,23.46
14371,224.546875,24.43
14372,224.5625,25.06
14373,224.578125,25.45
14374,224.59375,25.67
14375,224.609375,25.71
14376,224.625,25.57
14377,224.640625,25.22
14378,224.65625,24.64
14379,224.671875,23.79
14380,224.6875,22.57
14381,224.703125,20.86
14382,224.71875,18.53
14383,224.734375,15.62
14384,224.75,12.24
14385,224.765625,8.66
14386,224.78125,5.07
14387,224.796875,1.61
14388,224.8125,-1.8
14389,224.828125,-5.23
14390,224.84375,-8.85
14391,224.859375,-12.77
14392,224.875,-17.08
14393,224.890625,-21.81
14394,224.90625,-26.84
14395,224.921875,-31.77
14396,224.9375,-35.96
14397,224.953125,-38.62
14398,224.96875,-39.02
14399,224.984375,-36.86
14400,225.0,-32.33
14401,225.015625,-26.14
14402,225.03125,-19.21
14403,225.046875,-12.37
14404,225.0625,-6.09
14405,225.078125,-0.49
14406,225.09375,4.53
14407,225.109375,9.07
14408,225.125,13.12
14409,225.140625,16.6
14410,225.15625,19.44
14411,225.171875,21.69
14412,225.1875,23.52
14413,225.203125,25.17
14414,225.21875,26.75
14415,225.234375,28.18
14416,225.25,29.23
14417,225.265625,29.62
14418,225.28125,29.26
14419,225.296875,28.29
14420,225.3125,27.03
14421,225.328125,25.81
14422,225.34375,24.85
14423,225.359375,24.11
14424,225.375,23.4
14425,225.390625,22.43
14426,225.40625,20.97
14427,225.421875,18.95
14428,225.4375,16.37
14429,225.453125,13.31
14430,225.46875,9.95
14431,225.484375,6.42
14432,225.5,2.86
14433,225.515625,-0.66
14434,225.53125,-4.18
14435,225.546875,-7.89
14436,225.5625,-12.0
14437,225.578125,-16.65
14438,225.59375,-21.76
14439,225.609375,-26.99
14440,225.625,-31.75
14441,225.640625,-35.35
14442,225.65625,-37.14
14443,225.671875,-36.73
14444,225.6875,-34.13
14445,225.703125,-29.65
14446,225.71875,-23.9
14447,225.734375,-17.57
14448,225.75,-11.29
14449,225.765625,-5.53
14450,225.78125,-0.53
14451,225.796875,3.68
14452,225.8125,7.19
14453,225.828125,10.11
14454,225.84375,12.55
14455,225.859375,14.54
14456,225.875,16.0
14457,225.890625,16.92
14458,225.90625,17.32
14459,225.921875,17.36
14460,225.9375,17.28
14461,225.953125,17.29
14462,225.96875,17.51
14463,225.984375,17.86
14464,226.0,18.09
14465,226.015625,17.92
14466,226.03125,17.12
14467,226.046875,15.58
14468,226.0625,13.36
14469,226.078125,10.64
14470,226.09375,7.61
14471,226.109375,4.46
14472,226.125,1.32
14473,226.140625,-1.77
14474,226.15625,-4.84
14475,226.171875,-7.97
14476,226.1875,-11.26
14477,226.203125,-14.8
14478,226.21875,-18.68
14479,226.234375,-22.97
14480,226.25,-27.7
14481,226.265625,-32.69
14482,226.28125,-37.47
14483,226.296875,-41.28
14484,226.3125,-43.23
14485,226.328125,-42.64
14486,226.34375,-39.32
14487,226.359375,-33.72
14488,226.375,-26.82
14489,226.390625,-19.74
14490,226.40625,-13.36
14491,226.421875,-8.08
14492,226.4375,-3.8
14493,226.453125,-0.16
14494,226.46875,3.19
14495,226.484375,6.45
14496,226.5,9.55
14497,226.515625,12.21
14498,226.53125,14.18
14499,226.546875,15.29
14500,226.5625,15.55
14501,226.578125,15.22
14502,226.59375,14.64
14503,226.609375,14.13
14504,226.625,13.93
14505,226.640625,14.07
14506,226.65625,14.38
14507,226.671875,14.6
14508,226.6875,14.47
14509,226.703125,13.8
14510,226.71875,12.58
14511,226.734375,10.83
14512,226.75,8.62
14513,226.765625,6.03
14514,226.78125,3.09
14515,226.796875,-0.15
14516,226.8125,-3.66
14517,226.828125,-7.42
14518,226.84375,-11.46
14519,226.859375,-15.83
14520,226.875,-20.68
14521,226.890625,-25.98
14522,226.90625,-31.54
14523,226.921875,-36.88
14524,226.9375,-41.24
14525,226.953125,-43.77
14526,226.96875,-43.81
14527,226.984375,-41.08
14528,227.0,-35.82
14529,227.015625,-28.78
14530,227.03125,-20.96
14531,227.046875,-13.35
14532,227.0625,-6.64
14533,227.078125,-1.11
14534,227.09375,3.35
14535,227.109375,7.05
14536,227.125,10.31
14537,227.140625,13.35
14538,227.15625,16.14
14539,227.171875,18.56
14540,227.1875,20.45
14541,227.203125,21.72
14542,227.21875,22.43
14543,227.234375,22.74
14544,227.25,22.86
14545,227.265625,22.94
14546,227.28125,23.09
14547,227.296875,23.26
14548,227.3125,23.37
14549,227.328125,23.24
14550,227.34375,22.71
14551,227.359375,21.66
14552,227.375,20.04
14553,227.390625,17.88
14554,227.40625,15.19
14555,227.421875,12.07
14556,227.4375,8.65
14557,227.453125,5.14
14558,227.46875,1.69
14559,227.484375,-1.63
14560,227.5,-4.95
14561,227.515625,-8.56
14562,227.53125,-12.86
14563,227.546875,-18.05
14564,227.5625,-24.0
14565,227.578125,-30.1
14566,227.59375,-35.45
14567,227.609375,-39.08
14568,227.625,-40.28
14569,227.640625,-38.84
14570,227.65625,-35.05
14571,227.671875,-29.55
14572,227.6875,-23.1
14573,227.703125,-16.34
14574,227.71875,-9.74
14575,227.734375,-3.56
14576,227.75,2.07
14577,227.765625,7.09
14578,227.78125,11.47
14579,227.796875,15.24
14580,227.8125,18.44
14581,227.828125,21.16
14582,227.84375,23.49
14583,227.859375,25.45
14584,227.875,27.02
14585,227.890625,28.13
14586,227.90625,28.73
14587,227.921875,28.8
14588,227.9375,28.35
14589,227.953125,27.5
14590,227.96875,26.38
14591,227.984375,25.11
14592,228.0,23.8
14593,228.015625,22.49
14594,228.03125,21.11
14595,228.046875,19.54
14596,228.0625,17.63
14597,228.078125,15.27
14598,228.09375,12.42
14599,228.109375,9.14
14600,228.125,5.59
14601,228.140625,1.89
14602,228.15625,-1.83
14603,228.171875,-5.63
14604,228.1875,-9.66
14605,228.203125,-14.09
14606,228.21875,-19.01
14607,228.234375,-24.24
14608,228.25,-29.33
14609,228.265625,-33.56
14610,228.28125,-36.18
14611,228.296875,-36.63
14612,228.3125,-34.71
14613,228.328125,-30.65
14614,228.34375,-24.98
14615,228.359375,-18.39
14616,228.375,-11.51
14617,228.390625,-4.85
14618,228.40625,1.3
14619,228.421875,6.67
14620,228.4375,11.13
14621,228.453125,14.6
14622,228.46875,17.11
14623,228.484375,18.85
14624,228.5,20.08
14625,228.515625,21.17
14626,228.53125,22.38
14627,228.546875,23.78
14628,228.5625,25.27
14629,228.578125,26.54
14630,228.59375,27.34
14631,228.609375,27.54
14632,228.625,27.27
14633,228.640625,26.71
14634,228.65625,26.09
14635,228.671875,25.48
14636,228.6875,24.74
14637,228.703125,23.64
14638,228.71875,21.93
14639,228.734375,19.45
14640,228.75,16.19
14641,228.765625,12.31
14642,228.78125,8.04
14643,228.796875,3.75
14644,228.8125,-0.12
14645,228.828125,-3.21
14646,228.84375,-5.33
14647,228.859375,-6.63
14648,228.875,-7.66
14649,228.890625,-9.14
14650,228.90625,-11.6
14651,228.921875,-14.97
14652,228.9375,-18.39
14653,228.953125,-20.3
14654,228.96875,-18.89
14655,228.984375,-12.66
14656,229.0,-1.06
14657,229.015625,15.3
14658,229.03125,34.62
14659,229.046875,54.49
14660,229.0625,72.63
14661,229.078125,87.87
14662,229.09375,100.77
14663,229.109375,113.56
14664,229.125,129.31
14665,229.140625,150.44
14666,229.15625,177.45
14667,229.171875,208.29
14668,229.1875,238.95
14669,229.203125,264.77
14670,229.21875,281.91
14671,229.234375,288.37
14672,229.25,284.06
14673,229.265625,270.33
14674,229.28125,249.07
14675,229.296875,222.01
14676,229.3125,190.44
14677,229.328125,155.16
14678,229.34375,116.77
14679,229.359375,75.84
14680,229.375,33.02
14681,229.390625,-10.92
14682,229.40625,-55.14
14683,229.421875,-98.85
14684,229.4375,-141.4
14685,229.453125,-182.22
14686,229.46875,-220.94
14687,229.484375,-257.41
14688,229.5,-291.82
14689,229.515625,-324.52
14690,229.53125,-355.48
14691,229.546875,-383.36
14692,229.5625,-404.97
14693,229.578125,-415.72
14694,229.59375,-411.12
14695,229.609375,-389.03
14696,229.625,-351.15
14697,229.640625,-302.96
14698,229.65625,-251.95
14699,229.671875,-204.87
14700,229.6875,-165.63
14701,229.703125,-134.78
14702,229.71875,-110.59
14703,229.734375,-90.9
14704,229.75,-74.42
14705,229.765625,-60.89
14706,229.78125,-50.29
14707,229.796875,-41.84
14708,229.8125,-33.78
14709,229.828125,-24.08
14710,229.84375,-11.58
14711,229.859375,3.25
14712,229.875,18.32
14713,229.890625,30.76
14714,229.90625,38.21
14715,229.921875,39.89
14716,229.9375,36.78
14717,229.953125,31.14
14718,229.96875,25.44
14719,229.984375,21.31
14720,230.0,18.99
14721,230.015625,17.28
14722,230.03125,14.17
14723,230.046875,7.67
14724,230.0625,-3.4
14725,230.078125,-18.9
14726,230.09375,-37.23
14727,230.109375,-55.66
14728,230.125,-70.96
14729,230.140625,-80.23
14730,230.15625,-81.72
14731,230.171875,-75.28
14732,230.1875,-62.33
14733,230.203125,-45.36
14734,230.21875,-27.11
14735,230.234375,-9.83
14736,230.25,5.04
14737,230.265625,17.02
14738,230.28125,26.25
14739,230.296875,33.3
14740,230.3125,38.95
14741,230.328125,44.12
14742,230.34375,49.77
14743,230.359375,56.78
14744,230.375,65.78
14745,230.390625,76.94
14746,230.40625,89.92
14747,230.421875,103.95
14748,230.4375,118.09
14749,230.453125,131.55
14750,230.46875,143.88
14751,230.484375,155.07
14752,230.5,165.64
14753,230.515625,176.37
14754,230.53125,188.21
14755,230.546875,201.75
14756,230.5625,216.91
14757,230.578125,232.59
14758,230.59375,246.64
14759,230.609375,256.15
14760,230.625,258.23
14761,230.640625,250.8
14762,230.65625,233.2
14763,230.671875,206.37
14764,230.6875,172.54
14765,230.703125,134.53
14766,230.71875,94.91
14767,230.734375,55.62
14768,230.75,17.63
14769,230.765625,-18.75
14770,230.78125,-53.52
14771,230.796875,-86.44
14772,230.8125,-116.38
14773,230.828125,-141.3
14774,230.84375,-158.54
14775,230.859375,-165.7
14776,230.875,-161.49
14777,230.890625,-146.35
14778,230.90625,-122.62
14779,230.921875,-94.34
14780,230.9375,-66.57
14781,230.953125,-44.53
14782,230.96875,-32.61
14783,230.984375,-33.29
14784,231.0,-46.4
14785,231.015625,-69.08
14786,231.03125,-96.46
14787,231.046875,-123.13
14788,231.0625,-144.78
14789,231.078125,-159.3
14790,231.09375,-166.94
14791,231.109375,-169.62
14792,231.125,-169.57
14793,231.140625,-168.19
14794,231.15625,-165.5
14795,231.171875,-160.61
14796,231.1875,-152.36
14797,231.203125,-140.11
14798,231.21875,-124.23
14799,231.234375,-105.77
14800,231.25,-86.01
14801,231.265625,-65.81
14802,231.28125,-45.27
14803,231.296875,-24.03
14804,231.3125,-1.94
14805,231.328125,20.46
14806,231.34375,41.9
14807,231.359375,60.99
14808,231.375,76.96
14809,231.390625,89.99
14810,231.40625,100.86
14811,231.421875,110.12
14812,231.4375,117.46
14813,231.453125,121.64
14814,231.46875,121.2
14815,231.484375,115.33
14816,231.5,104.48
14817,231.515625,90.28
14818,231.53125,74.84
14819,231.546875,59.7
14820,231.5625,45.06
14821,231.578125,29.84
14822,231.59375,12.54
14823,231.609375,-7.26
14824,231.625,-27.91
14825,231.640625,-45.6
14826,231.65625,-55.69
14827,231.671875,-54.79
14828,231.6875,-42.46
14829,231.703125,-21.65
14830,231.71875,2.47
14831,231.734375,24.79
14832,231.75,42.28
14833,231.765625,54.57
14834,231.78125,63.01
14835,231.796875,69.02
14836,231.8125,72.7
14837,231.828125,72.8
14838,231.84375,67.94
14839,231.859375,58.02
14840,231.875,44.85
14841,231.890625,31.48
14842,231.90625,20.68
14843,231.921875,13.57
14844,231.9375,9.26
14845,231.953125,5.7
14846,231.96875,1.08
14847,231.984375,-4.81
14848,232.0,-10.41
14849,232.015625,-13.19
14850,232.03125,-10.95
14851,232.046875,-3.03
14852,232.0625,9.3
14853,232.078125,23.27
14854,232.09375,35.53
14855,232.109375,42.91
14856,232.125,42.9
14857,232.140625,33.89
14858,232.15625,15.6
14859,232.171875,-10.67
14860,232.1875,-41.72
14861,232.203125,-72.84
14862,232.21875,-98.9
14863,232.234375,-115.77
14864,232.25,-121.55
14865,232.265625,-117.03
14866,232.28125,-105.12
14867,232.296875,-89.62
14868,232.3125,-73.99
14869,232.328125,-60.54
14870,232.34375,-50.31
14871,232.359375,-43.4
14872,232.375,-39.35
14873,232.390625,-37.31
14874,232.40625,-36.13
14875,232.421875,-34.26
14876,232.4375,-29.94
14877,232.453125,-21.74
14878,232.46875,-9.15
14879,232.484375,6.97
14880,232.5,24.35
14881,232.515625,39.91
14882,232.53125,50.76
14883,232.546875,55.29
14884,232.5625,53.76
14885,232.578125,48.04
14886,232.59375,40.8
14887,232.609375,34.37
14888,232.625,29.8
14889,232.640625,26.57
14890,232.65625,22.97
14891,232.671875,16.7
14892,232.6875,5.82
14893,232.703125,-10.65
14894,232.71875,-32.24
14895,232.734375,-57.08
14896,232.75,-82.28
14897,232.765625,-104.67
14898,232.78125,-121.78
14899,232.796875,-132.46
14900,232.8125,-137.02
14901,232.828125,-136.83
14902,232.84375,-133.57
14903,232.859375,-128.63
14904,232.875,-122.7
14905,232.890625,-115.86
14906,232.90625,-107.83
14907,232.921875,-98.26
14908,232.9375,-86.93
14909,232.953125,-74.03
14910,232.96875,-60.39
14911,232.984375,-47.42
14912,233.0,-36.9
14913,233.015625,-30.39
14914,233.03125,-28.61
14915,233.046875,-30.85
14916,233.0625,-34.93
14917,233.078125,-37.7
14918,233.09375,-36.04
14919,233.109375,-27.95
14920,233.125,-13.26
14921,233.140625,6.29
14922,233.15625,27.76
14923,233.171875,48.36
14924,233.1875,66.67
14925,233.203125,83.36
14926,233.21875,100.95
14927,233.234375,122.57
14928,233.25,150.62
14929,233.265625,185.89
14930,233.28125,227.56
14931,233.296875,273.81
14932,233.3125,322.6
14933,233.328125,371.78
14934,233.34375,419.0
14935,233.359375,461.45
14936,233.375,495.94
14937,233.390625,519.5
14938,233.40625,530.11
14939,233.421875,527.01
14940,233.4375,510.81
14941,233.453125,482.97
14942,233.46875,445.41
14943,233.484375,400.13
14944,233.5,349.08
14945,233.515625,294.19
14946,233.53125,237.39
14947,233.546875,180.89
14948,233.5625,127.27
14949,233.578125,79.53
14950,233.59375,40.62
14951,233.609375,12.57
14952,233.625,-4.46
14953,233.640625,-12.55
14954,233.65625,-15.25
14955,233.671875,-16.26
14956,233.6875,-18.03
14957,233.703125,-21.29
14958,233.71875,-25.48
14959,233.734375,-29.8
14960,233.75,-33.99
14961,233.765625,-38.42
14962,233.78125,-43.49
14963,233.796875,-48.98
14964,233.8125,-53.82
14965,233.828125,-56.49
14966,233.84375,-55.75
14967,233.859375,-51.23
14968,233.875,-43.48
14969,233.890625,-33.75
14970,233.90625,-23.43
14971,233.921875,-13.75
14972,233.9375,-5.71
14973,233.953125,-0.09
14974,233.96875,2.49
14975,233.984375,1.59
14976,234.0,-3.0
14977,234.015625,-11.24
14978,234.03125,-22.91
14979,234.046875,-37.62
14980,234.0625,-54.87
14981,234.078125,-73.93
14982,234.09375,-93.9
14983,234.109375,-113.73
14984,234.125,-132.4
14985,234.140625,-149.04
14986,234.15625,-162.98
14987,234.171875,-173.74
14988,234.1875,-180.93
14989,234.203125,-184.34
14990,234.21875,-184.12
14991,234.234375,-180.82
14992,234.25,-175.39
14993,234.265625,-168.84
14994,234.28125,-161.92
14995,234.296875,-154.84
14996,234.3125,-147.41
14997,234.328125,-139.3
14998,234.34375,-130.47
14999,234.359375,-121.32
15000,234.375,-112.5
15001,234.390625,-104.55
15002,234.40625,-97.47
15003,234.421875,-90.74
15004,234.4375,-83.54
15005,234.453125,-75.18
15006,234.46875,-65.43
15007,234.484375,-54.66
15008,234.5,-43.59
15009,234.515625,-32.96
15010,234.53125,-23.35
15011,234.546875,-14.87
15012,234.5625,-7.39
15013,234.578125,-0.61
15014,234.59375,5.74
15015,234.609375,11.88
15016,234.625,17.93
15017,234.640625,24.02
15018,234.65625,30.28
15019,234.671875,36.76
15020,234.6875,43.43
15021,234.703125,50.11
15022,234.71875,56.55
15023,234.734375,62.49
15024,234.75,67.84
15025,234.765625,72.75
15026,234.78125,77.46
15027,234.796875,82.3
15028,234.8125,87.45
15029,234.828125,92.75
15030,234.84375,97.77
15031,234.859375,101.93
15032,234.875,104.74
15033,234.890625,105.95
15034,234.90625,105.61
15035,234.921875,103.94
15036,234.9375,101.2
15037,234.953125,97.56
15038,234.96875,93.12
15039,234.984375,88.0
15040,235.0,82.54
15041,235.015625,77.48
15042,235.03125,73.77
15043,235.046875,72.33
15044,235.0625,73.43
15045,235.078125,76.27
15046,235.09375,78.93
15047,235.109375,79.01
15048,235.125,74.52
15049,235.140625,64.85
15050,235.15625,51.28
15051,235.171875,36.45
15052,235.1875,23.31
15053,235.203125,13.65
15054,235.21875,7.28
15055,235.234375,2.17
15056,235.25,-4.48
15057,235.265625,-14.8
15058,235.28125,-29.3
15059,235.296875,-46.76
15060,235.3125,-65.21
15061,235.328125,-83.11
15062,235.34375,-100.29
15063,235.359375,-117.88
15064,235.375,-137.69
15065,235.390625,-161.16
15066,235.40625,-188.88
15067,235.421875,-220.59
15068,235.4375,-255.16
15069,235.453125,-290.11
15070,235.46875,-320.86
15071,235.484375,-340.66
15072,235.5,-342.19
15073,235.515625,-320.58
15074,235.53125,-276.37
15075,235.546875,-216.72
15076,235.5625,-153.43
15077,235.578125,-98.38
15078,235.59375,-59.09
15079,235.609375,-36.14
15080,235.625,-24.43
15081,235.640625,-16.93
15082,235.65625,-8.6
15083,235.671875,1.55
15084,235.6875,11.23
15085,235.703125,17.31
15086,235.71875,18.17
15087,235.734375,14.46
15088,235.75,8.32
15089,235.765625,1.83
15090,235.78125,-4.06
15091,235.796875,-9.69
15092,235.8125,-16.29
15093,235.828125,-24.94
15094,235.84375,-36.12
15095,235.859375,-49.25
15096,235.875,-63.23
15097,235.890625,-76.99
15098,235.90625,-89.98
15099,235.921875,-102.33
15100,235.9375,-114.56
15101,235.953125,-126.81
15102,235.96875,-138.27
15103,235.984375,-147.16
15104,236.0,-151.28
15105,236.015625,-149.09
15106,236.03125,-140.5
15107,236.046875,-127.14
15108,236.0625,-111.83
15109,236.078125,-97.47
15110,236.09375,-86.03
15111,236.109375,-78.14
15112,236.125,-73.27
15113,236.140625,-70.45
15114,236.15625,-68.96
15115,236.171875,-68.71
15116,236.1875,-70.03
15117,236.203125,-73.33
15118,236.21875,-78.61
15119,236.234375,-85.21
15120,236.25,-92.05
15121,236.265625,-97.9
15122,236.28125,-101.88
15123,236.296875,-103.85
15124,236.3125,-104.5
15125,236.328125,-105.15
15126,236.34375,-107.39
15127,236.359375,-112.49
15128,236.375,-120.94
15129,236.390625,-132.33
15130,236.40625,-145.48
15131,236.421875,-158.91
15132,236.4375,-171.22
15133,236.453125,-181.27
15134,236.46875,-188.2
15135,236.484375,-191.3
15136,236.5,-190.02
15137,236.515625,-184.09
15138,236.53125,-173.99
15139,236.546875,-161.01
15140,236.5625,-147.04
15141,236.578125,-133.99
15142,236.59375,-123.05
15143,236.609375,-114.35
15144,236.625,-107.1
15145,236.640625,-100.2
15146,236.65625,-92.82
15147,236.671875,-84.9
15148,236.6875,-76.94
15149,236.703125,-69.57
15150,236.71875,-63.06
15151,236.734375,-57.05
15152,236.75,-50.77
15153,236.765625,-43.38
15154,236.78125,-34.63
15155,236.796875,-25.13
15156,236.8125,-16.29
15157,236.828125,-9.85
15158,236.84375,-6.97
15159,236.859375,-7.45
15160,236.875,-9.4
15161,236.890625,-9.59
15162,236.90625,-4.47
15163,236.921875,8.59
15164,236.9375,30.14
15165,236.953125,58.12
15166,236.96875,88.15
15167,236.984375,114.58
15168,237.0,131.96
15169,237.015625,136.46
15170,237.03125,126.98
15171,237.046875,105.38
15172,237.0625,76.1
15173,237.078125,45.08
15174,237.09375,18.28
15175,237.109375,0.38
15176,237.125,-6.04
15177,237.140625,-0.68
15178,237.15625,15.08
15179,237.171875,39.08
15180,237.1875,69.28
15181,237.203125,104.33
15182,237.21875,143.68
15183,237.234375,187.01
15184,237.25,233.54
15185,237.265625,281.26
15186,237.28125,326.78
15187,237.296875,365.75
15188,237.3125,393.85
15189,237.328125,407.83
15190,237.34375,406.29
15191,237.359375,390.07
15192,237.375,361.8
15193,237.390625,325.28
15194,237.40625,284.66
15195,237.421875,243.71
15196,237.4375,205.36
15197,237.453125,171.33
15198,237.46875,142.06
15199,237.484375,116.79
15200,237.5,93.97
15201,237.515625,71.67
15202,237.53125,48.24
15203,237.546875,22.71
15204,237.5625,-5.03
15205,237.578125,-34.22
15206,237.59375,-63.42
15207,237.609375,-90.91
15208,237.625,-114.99
15209,237.640625,-134.33
15210,237.65625,-148.1
15211,237.671875,-156.11
15212,237.6875,-158.74
15213,237.703125,-156.94
15214,237.71875,-152.0
15215,237.734375,-145.38
15216,237.75,-138.35
15217,237.765625,-131.71
15218,237.78125,-125.63
15219,237.796875,-119.74
15220,237.8125,-113.42
15221,237.828125,-106.24
15222,237.84375,-98.18
15223,237.859375,-89.59
15224,237.875,-80.78
15225,237.890625,-71.88
15226,237.90625,-62.57
15227,237.921875,-52.37
15228,237.9375,-41.0
15229,237.953125,-28.66
15230,237.96875,-15.93
15231,237.984375,-3.31
15232,238.0,9.29
15233,238.015625,22.57
15234,238.03125,37.39
15235,238.046875,53.87
15236,238.0625,70.66
15237,238.078125,84.95
15238,238.09375,93.37
15239,238.109375,93.16
15240,238.125,83.31
15241,238.140625,64.87
15242,238.15625,40.43
15243,238.171875,13.24
15244,238.1875,-13.66
15245,238.203125,-37.87
15246,238.21875,-57.53
15247,238.234375,-71.21
15248,238.25,-77.98
15249,238.265625,-77.63
15250,238.28125,-71.05
15251,238.296875,-60.15
15252,238.3125,-47.32
15253,238.328125,-34.69
15254,238.34375,-23.36
15255,238.359375,-13.36
15256,238.375,-3.9
15257,238.390625,5.73
15258,238.40625,15.74
15259,238.421875,25.63
15260,238.4375,34.57
15261,238.453125,41.93
15262,238.46875,47.62
15263,238.484375,52.09
15264,238.5,55.97
15265,238.515625,59.7
15266,238.53125,63.38
15267,238.546875,66.85
15268,238.5625,69.98
15269,238.578125,72.8
15270,238.59375,75.46
15271,238.609375,78.02
15272,238.625,80.28
15273,238.640625,81.82
15274,238.65625,82.19
15275,238.671875,81.15
15276,238.6875,78.75
15277,238.703125,75.3
15278,238.71875,71.22
15279,238.734375,66.92
15280,238.75,62.74
15281,238.765625,58.98
15282,238.78125,55.95
15283,238.796875,53.93
15284,238.8125,53.19
15285,238.828125,53.98
15286,238.84375,56.48
15287,238.859375,60.8
15288,238.875,66.84
15289,238.890625,74.17
15290,238.90625,82.0
15291,238.921875,89.26
15292,238.9375,94.92
15293,238.953125,98.27
15294,238.96875,99.1
15295,238.984375,97.62
15296,239.0,94.32
15297,239.015625,89.65
15298,239.03125,83.92
15299,239.046875,77.35
15300,239.0625,70.18
15301,239.078125,62.81
15302,239.09375,55.74
15303,239.109375,49.43
15304,239.125,43.98
15305,239.140625,39.1
15306,239.15625,34.01
15307,239.171875,27.77
15308,239.1875,19.44
15309,239.203125,8.41
15310,239.21875,-5.47
15311,239.234375,-21.82
15312,239.25,-39.95
15313,239.265625,-59.0
15314,239.28125,-78.1
15315,239.296875,-96.6
15316,239.3125,-114.05
15317,239.328125,-130.26
15318,239.34375,-145.24
15319,239.359375,-159.11
15320,239.375,-171.96
15321,239.390625,-183.79
15322,239.40625,-194.45
15323,239.421875,-203.65
15324,239.4375,-210.98
15325,239.453125,-216.03
15326,239.46875,-218.51
15327,239.484375,-218.35
15328,239.5,-215.91
15329,239.515625,-211.89
15330,239.53125,-207.2
15331,239.546875,-202.51
15332,239.5625,-197.76
15333,239.578125,-191.97
15334,239.59375,-183.47
15335,239.609375,-170.62
15336,239.625,-152.38
15337,239.640625,-128.9
15338,239.65625,-101.23
15339,239.671875,-70.9
15340,239.6875,-39.42
15341,239.703125,-8.16
15342,239.71875,21.45
15343,239.734375,47.7
15344,239.75,68.75
15345,239.765625,83.18
15346,239.78125,90.78
15347,239.796875,92.85
15348,239.8125,91.88
15349,239.828125,90.61
15350,239.84375,90.92
15351,239.859375,93.24
15352,239.875,96.63
15353,239.890625,99.38
15354,239.90625,99.79
15355,239.921875,96.65
15356,239.9375,89.55
15357,239.953125,78.82
15358,239.96875,65.45
15359,239.984375,51.07
15360,240.0,37.8
15361,240.015625,28.02
15362,240.03125,23.94
15363,240.046875,26.98
15364,240.0625,37.32
15365,240.078125,53.72
15366,240.09375,73.74
15367,240.109375,94.31
15368,240.125,112.61
15369,240.140625,126.62
15370,240.15625,135.44
15371,240.171875,139.28
15372,240.1875,139.03
15373,240.203125,135.93
15374,240.21875,131.23
15375,240.234375,126.0
15376,240.25,121.11
15377,240.265625,117.14
15378,240.28125,114.4
15379,240.296875,112.86
15380,240.3125,112.24
15381,240.328125,112.0
15382,240.34375,111.51
15383,240.359375,110.14
15384,240.375,107.33
15385,240.390625,102.75
15386,240.40625,96.44
15387,240.421875,88.75
15388,240.4375,80.3
15389,240.453125,71.77
15390,240.46875,63.61
15391,240.484375,56.01
15392,240.5,48.94
15393,240.515625,42.29
15394,240.53125,35.99
15395,240.546875,30.05
15396,240.5625,24.4
15397,240.578125,18.74
15398,240.59375,12.68
15399,240.609375,5.89
15400,240.625,-1.49
15401,240.640625,-8.72
15402,240.65625,-14.54
15403,240.671875,-17.58
15404,240.6875,-16.87
15405,240.703125,-12.21
15406,240.71875,-4.26
15407,240.734375,5.83
15408,240.75,16.67
15409,240.765625,27.19
15410,240.78125,36.69
15411,240.796875,44.83
15412,240.8125,51.45
15413,240.828125,56.41
15414,240.84375,59.5
15415,240.859375,60.61
15416,240.875,59.85
15417,240.890625,57.67
15418,240.90625,54.82
15419,240.921875,52.23
15420,240.9375,50.59
15421,240.953125,50.17
15422,240.96875,50.67
15423,240.984375,51.36
15424,241.0,51.33
15425,241.015625,49.9
15426,241.03125,46.81
15427,241.046875,42.21
15428,241.0625,36.55
15429,241.078125,30.22
15430,241.09375,23.51
15431,241.109375,16.51
15432,241.125,9.18
15433,241.140625,1.52
15434,241.15625,-6.45
15435,241.171875,-14.62
15436,241.1875,-22.9
15437,241.203125,-31.06
15438,241.21875,-38.76
15439,241.234375,-45.35
15440,241.25,-49.97
15441,241.265625,-51.8
15442,241.28125,-50.41
15443,241.296875,-46.05
15444,241.3125,-39.72
15445,241.328125,-32.87
15446,241.34375,-26.98
15447,241.359375,-23.04
15448,241.375,-21.36
15449,241.390625,-21.68
15450,241.40625,-23.44
15451,241.421875,-26.11
15452,241.4375,-29.22
15453,241.453125,-32.42
15454,241.46875,-35.27
15455,241.484375,-37.25
15456,241.5,-37.9
15457,241.515625,-37.02
15458,241.53125,-34.78
15459,241.546875,-31.74
15460,241.5625,-28.62
15461,241.578125,-25.97
15462,241.59375,-24.08
15463,241.609375,-22.79
15464,241.625,-21.73
15465,241.640625,-20.48
15466,241.65625,-18.91
15467,241.671875,-17.31
15468,241.6875,-16.4
15469,241.703125,-17.17
15470,241.71875,-20.57
15471,241.734375,-27.09
15472,241.75,-36.39
15473,241.765625,-47.33
15474,241.78125,-58.03
15475,241.796875,-66.43
15476,241.8125,-70.81
15477,241.828125,-70.18
15478,241.84375,-64.55
15479,241.859375,-54.8
15480,241.875,-42.34
15481,241.890625,-28.76
15482,241.90625,-15.5
15483,241.921875,-3.62
15484,241.9375,6.27
15485,241.953125,13.88
15486,241.96875,19.21
15487,241.984375,22.41
15488,242.0,23.74
15489,242.015625,23.64
15490,242.03125,22.66
15491,242.046875,21.47
15492,242.0625,20.68
15493,242.078125,20.64
15494,242.09375,21.35
15495,242.109375,22.45
15496,242.125,23.38
15497,242.140625,23.65
15498,242.15625,23.03
15499,242.171875,21.59
15500,242.1875,19.65
15501,242.203125,17.54
15502,242.21875,15.46
15503,242.234375,13.3
15504,242.25,10.76
15505,242.265625,7.39
15506,242.28125,2.84
15507,242.296875,-3.06
15508,242.3125,-10.11
15509,242.328125,-17.67
15510,242.34375,-24.74
15511,242.359375,-30.05
15512,242.375,-32.47
15513,242.390625,-31.24
15514,242.40625,-26.26
15515,242.421875,-18.12
15516,242.4375,-7.95
15517,242.453125,2.91
15518,242.46875,13.31
15519,242.484375,22.48
15520,242.5,30.12
15521,242.515625,36.21
15522,242.53125,40.75
15523,242.546875,43.69
15524,242.5625,44.87
15525,242.578125,44.27
15526,242.59375,42.19
15527,242.609375,39.27
15528,242.625,36.35
15529,242.640625,34.18
15530,242.65625,33.08
15531,242.671875,32.82
15532,242.6875,32.79
15533,242.703125,32.27
15534,242.71875,30.75
15535,242.734375,28.17
15536,242.75,24.88
15537,242.765625,21.41
15538,242.78125,18.16
15539,242.796875,15.24
15540,242.8125,12.37
15541,242.828125,9.06
15542,242.84375,4.82
15543,242.859375,-0.59
15544,242.875,-7.01
15545,242.890625,-13.85
15546,242.90625,-20.28
15547,242.921875,-25.27
15548,242.9375,-27.92
15549,242.953125,-27.69
15550,242.96875,-24.5
15551,242.984375,-18.85
15552,243.0,-11.65
15553,243.015625,-3.98
15554,243.03125,3.21
15555,243.046875,9.35
15556,243.0625,14.25
15557,243.078125,18.02
15558,243.09375,20.76
15559,243.109375,22.51
15560,243.125,23.2
15561,243.140625,22.82
15562,243.15625,21.55
15563,243.171875,19.84
15564,243.1875,18.24
15565,243.203125,17.22
15566,243.21875,16.94
15567,243.234375,17.13
15568,243.25,17.24
15569,243.265625,16.66
15570,243.28125,15.01
15571,243.296875,12.26
15572,243.3125,8.76
15573,243.328125,5.04
15574,243.34375,1.57
15575,243.359375,-1.48
15576,243.375,-4.26
15577,243.390625,-7.21
15578,243.40625,-10.8
15579,243.421875,-15.42
15580,243.4375,-21.09
15581,243.453125,-27.49
15582,243.46875,-33.91
15583,243.484375,-39.34
15584,243.5,-42.7
15585,243.515625,-43.1
15586,243.53125,-40.08
15587,243.546875,-33.81
15588,243.5625,-25.12
15589,243.578125,-15.18
15590,243.59375,-5.24
15591,243.609375,3.77
15592,243.625,11.43
15593,243.640625,17.75
15594,243.65625,22.95
15595,243.671875,27.2
15596,243.6875,30.47
15597,243.703125,32.58
15598,243.71875,33.44
15599,243.734375,33.15
15600,243.75,32.1
15601,243.765625,30.8
15602,243.78125,29.64
15603,243.796875,28.72
15604,243.8125,27.82
15605,243.828125,26.62
15606,243.84375,24.94
15607,243.859375,22.83
15608,243.875,20.68
15609,243.890625,18.86
15610,243.90625,17.58
15611,243.921875,16.64
15612,243.9375,15.49
15613,243.953125,13.4
15614,243.96875,9.78
15615,243.984375,4.4
15616,244.0,-2.46
15617,244.015625,-10.0
15618,244.03125,-17.11
15619,244.046875,-22.52
15620,244.0625,-25.26
15621,244.078125,-24.72
15622,244.09375,-20.97
15623,244.109375,-14.65
15624,244.125,-6.83
15625,244.140625,1.29
15626,244.15625,8.72
15627,244.171875,14.76
15628,244.1875,19.2
15629,244.203125,22.08
15630,244.21875,23.6
15631,244.234375,23.99
15632,244.25,23.45
15633,244.265625,22.19
15634,244.28125,20.38
15635,244.296875,18.18
15636,244.3125,15.65
15637,244.328125,12.81
15638,244.34375,9.6
15639,244.359375,6.09
15640,244.375,2.48
15641,244.390625,-0.79
15642,244.40625,-3.17
15643,244.421875,-4.27
15644,244.4375,-4.02
15645,244.453125,-2.81
15646,244.46875,-1.36
15647,244.484375,-0.53
15648,244.5,-1.07
15649,244.515625,-3.43
15650,244.53125,-7.64
15651,244.546875,-13.24
15652,244.5625,-19.35
15653,244.578125,-24.73
15654,244.59375,-28.08
15655,244.609375,-28.39
15656,244.625,-25.25
15657,244.640625,-19.07
15658,244.65625,-10.95
15659,244.671875,-2.3
15660,244.6875,5.56
15661,244.703125,11.84
15662,244.71875,16.37
15663,244.734375,19.44
15664,244.75,21.49
15665,244.765625,22.88
15666,244.78125,23.74
15667,244.796875,24.03
15668,244.8125,23.67
15669,244.828125,22.72
15670,244.84375,21.29
15671,244.859375,19.57
15672,244.875,17.63
15673,244.890625,15.35
15674,244.90625,12.56
15675,244.921875,9.09
15676,244.9375,5.0
15677,244.953125,0.51
15678,244.96875,-3.99
15679,244.984375,-8.2
15680,245.0,-12.02
15681,245.015625,-15.69
15682,245.03125,-19.66
15683,245.046875,-24.38
15684,245.0625,-30.09
15685,245.078125,-36.52
15686,245.09375,-42.88
15687,245.109375,-47.89
15688,245.125,-50.25
15689,245.140625,-48.99
15690,245.15625,-43.93
15691,245.171875,-35.67
15692,245.1875,-25.53
15693,245.203125,-15.07
15694,245.21875,-5.63
15695,245.234375,2.0
15696,245.25,7.56
15697,245.265625,11.24
15698,245.28125,13.39
15699,245.296875,14.38
15700,245.3125,14.48
15701,245.328125,14.0
15702,245.34375,13.11
15703,245.359375,12.04
15704,245.375,10.94
15705,245.390625,9.87
15706,245.40625,8.77
15707,245.421875,7.54
15708,245.4375,6.11
15709,245.453125,4.42
15710,245.46875,2.47
15711,245.484375,0.25
15712,245.5,-2.21
15713,245.515625,-4.91
15714,245.53125,-7.87
15715,245.546875,-11.08
15716,245.5625,-14.62
15717,245.578125,-18.58
15718,245.59375,-23.01
15719,245.609375,-27.75
15720,245.625,-32.35
15721,245.640625,-36.06
15722,245.65625,-37.93
15723,245.671875,-37.16
15724,245.6875,-33.4
15725,245.703125,-26.95
15726,245.71875,-18.71
15727,245.734375,-9.95
15728,245.75,-1.85
15729,245.765625,4.75
15730,245.78125,9.56
15731,245.796875,12.72
15732,245.8125,14.55
15733,245.828125,15.43
15734,245.84375,15.62
15735,245.859375,15.23
15736,245.875,14.37
15737,245.890625,13.12
15738,245.90625,11.58
15739,245.921875,9.88
15740,245.9375,8.1
15741,245.953125,6.34
15742,245.96875,4.71
15743,245.984375,3.33
15744,246.0,2.3
15745,246.015625,1.57
15746,246.03125,0.96
15747,246.046875,0.12
15748,246.0625,-1.34
15749,246.078125,-3.8
15750,246.09375,-7.51
15751,246.109375,-12.5
15752,246.125,-18.58
15753,246.140625,-25.22
15754,246.15625,-31.57
15755,246.171875,-36.48
15756,246.1875,-38.83
15757,246.203125,-37.78
15758,246.21875,-33.18
15759,246.234375,-25.65
15760,246.25,-16.43
15761,246.265625,-6.98
15762,246.28125,1.47
15763,246.296875,8.29
15764,246.3125,13.36
15765,246.328125,17.01
15766,246.34375,19.62
15767,246.359375,21.45
15768,246.375,22.58
15769,246.390625,22.97
15770,246.40625,22.68
15771,246.421875,21.91
15772,246.4375,20.9
15773,246.453125,19.84
15774,246.46875,18.66
15775,246.484375,17.14
15776,246.5,15.01
15777,246.515625,12.14
15778,246.53125,8.69
15779,246.546875,5.08
15780,246.5625,1.75
15781,246.578125,-1.08
15782,246.59375,-3.51
15783,246.609375,-6.0
15784,246.625,-9.16
15785,246.640625,-13.44
15786,246.65625,-18.99
15787,246.671875,-25.4
15788,246.6875,-31.84
15789,246.703125,-37.06
15790,246.71875,-39.8
15791,246.734375,-39.12
15792,246.75,-34.71
15793,246.765625,-27.01
15794,246.78125,-17.14
15795,246.796875,-6.5
15796,246.8125,3.66
15797,246.828125,12.46
15798,246.84375,19.54
15799,246.859375,24.9
15800,246.875,28.71
15801,246.890625,31.09
15802,246.90625,32.2
15803,246.921875,32.25
15804,246.9375,31.56
15805,246.953125,30.58
15806,246.96875,29.75
15807,246.984375,29.26
15808,247.0,29.07
15809,247.015625,28.85
15810,247.03125,28.12
15811,247.046875,26.54
15812,247.0625,23.97
15813,247.078125,20.54
15814,247.09375,16.6
15815,247.109375,12.45
15816,247.125,8.28
15817,247.140625,4.01
15818,247.15625,-0.65
15819,247.171875,-6.08
15820,247.1875,-12.5
15821,247.203125,-19.86
15822,247.21875,-27.63
15823,247.234375,-34.89
15824,247.25,-40.52
15825,247.265625,-43.52
15826,247.28125,-43.28
15827,247.296875,-39.83
15828,247.3125,-33.76
15829,247.328125,-26.05
15830,247.34375,-17.76
15831,247.359375,-9.72
15832,247.375,-2.48
15833,247.390625,3.75
15834,247.40625,8.83
15835,247.421875,12.73
15836,247.4375,15.41
15837,247.453125,16.92
15838,247.46875,17.51
15839,247.484375,17.59
15840,247.5,17.58
15841,247.515625,17.83
15842,247.53125,18.36
15843,247.546875,18.92
15844,247.5625,19.12
15845,247.578125,18.61
15846,247.59375,17.32
15847,247.609375,15.43
15848,247.625,13.28
15849,247.640625,11.17
15850,247.65625,9.19
15851,247.671875,7.2
15852,247.6875,4.96
15853,247.703125,2.25
15854,247.71875,-1.07
15855,247.734375,-5.06
15856,247.75,-9.73
15857,247.765625,-14.95
15858,247.78125,-20.33
15859,247.796875,-25.05
15860,247.8125,-28.01
15861,247.828125,-28.16
15862,247.84375,-24.92
15863,247.859375,-18.57
15864,247.875,-10.23
15865,247.890625,-1.44
15866,247.90625,6.33
15867,247.921875,12.26
15868,247.9375,16.24
15869,247.953125,18.73
15870,247.96875,20.28
15871,247.984375,21.27
15872,248.0,21.77
15873,248.015625,21.69
15874,248.03125,21.07
15875,248.046875,20.14
15876,248.0625,19.26
15877,248.078125,18.73
15878,248.09375,18.54
15879,248.109375,18.37
15880,248.125,17.76
15881,248.140625,16.38
15882,248.15625,14.23
15883,248.171875,11.62
15884,248.1875,9.08
15885,248.203125,6.97
15886,248.21875,5.35
15887,248.234375,3.89
15888,248.25,2.03
15889,248.265625,-0.75
15890,248.28125,-4.82
15891,248.296875,-10.19
15892,248.3125,-16.5
15893,248.328125,-23.06
15894,248.34375,-28.94
15895,248.359375,-33.12
15896,248.375,-34.75
15897,248.390625,-33.4
15898,248.40625,-29.19
15899,248.421875,-22.86
15900,248.4375,-15.51
15901,248.453125,-8.29
15902,248.46875,-2.09
15903,248.484375,2.69
15904,248.5,6.11
15905,248.515625,8.51
15906,248.53125,10.32
15907,248.546875,11.82
15908,248.5625,13.15
15909,248.578125,14.41
15910,248.59375,15.7
15911,248.609375,17.19
15912,248.625,19.0
15913,248.640625,21.03
15914,248.65625,22.88
15915,248.671875,23.91
15916,248.6875,23.52
15917,248.703125,21.38
15918,248.71875,17.62
15919,248.734375,12.8
15920,248.75,7.61
15921,248.765625,2.58
15922,248.78125,-2.07
15923,248.796875,-6.39
15924,248.8125,-10.61
15925,248.828125,-14.95
15926,248.84375,-19.48
15927,248.859375,-24.1
15928,248.875,-28.51
15929,248.890625,-32.24
15930,248.90625,-34.66
15931,248.921875,-35.14
15932,248.9375,-33.27
15933,248.953125,-29.05
15934,248.96875,-22.96
15935,248.984375,-15.94
15936,249.0,-9.05
15937,249.015625,-3.19
15938,249.03125,1.17
15939,249.046875,4.05
15940,249.0625,5.74
15941,249.078125,6.7
15942,249.09375,7.31
15943,249.109375,7.8
15944,249.125,8.37
15945,249.140625,9.1
15946,249.15625,10.07
15947,249.171875,11.28
15948,249.1875,12.64
15949,249.203125,13.94
15950,249.21875,14.86
15951,249.234375,15.08
15952,249.25,14.38
15953,249.265625,12.77
15954,249.28125,10.48
15955,249.296875,7.84
15956,249.3125,5.2
15957,249.328125,2.71
15958,249.34375,0.24
15959,249.359375,-2.52
15960,249.375,-5.94
15961,249.390625,-10.2
15962,249.40625,-15.1
15963,249.421875,-19.98
15964,249.4375,-23.85
15965,249.453125,-25.67
15966,249.46875,-24.73
15967,249.484375,-20.85
15968,249.5,-14.61
15969,249.515625,-7.07
15970,249.53125,0.51
15971,249.546875,7.04
15972,249.5625,11.94
15973,249.578125,15.13
15974,249.59375,16.82
15975,249.609375,17.32
15976,249.625,16.83
15977,249.640625,15.5
15978,249.65625,13.53
15979,249.671875,11.26
15980,249.6875,9.16
15981,249.703125,7.57
15982,249.71875,6.53
15983,249.734375,5.73
15984,249.75,4.65
15985,249.765625,2.86
15986,249.78125,0.22
15987,249.796875,-3.01
15988,249.8125,-6.36
15989,249.828125,-9.38
15990,249.84375,-11.89
15991,249.859375,-13.97
15992,249.875,-15.99
15993,249.890625,-18.41
15994,249.90625,-21.61
15995,249.921875,-25.75
15996,249.9375,-30.6
15997,249.953125,-35.5
15998,249.96875,-39.46
15999,249.984375,-41.36
16000,250.0,-40.4
16001,250.015625,-36.36
16002,250.03125,-29.74
16003,250.046875,-21.59
16004,250.0625,-13.17
16005,250.078125,-5.49
16006,250.09375,0.94
16007,250.109375,6.11
16008,250.125,10.32
16009,250.140625,13.9
16010,250.15625,17.0
16011,250.171875,19.53
16012,250.1875,21.32
16013,250.203125,22.27
16014,250.21875,22.5
16015,250.234375,22.33
16016,250.25,22.17
16017,250.265625,22.29
16018,250.28125,22.75
16019,250.296875,23.33
16020,250.3125,23.68
16021,250.328125,23.43
16022,250.34375,22.35
16023,250.359375,20.32
16024,250.375,17.39
16025,250.390625,13.64
16026,250.40625,9.16
16027,250.421875,3.99
16028,250.4375,-1.78
16029,250.453125,-8.0
16030,250.46875,-14.37
16031,250.484375,-20.36
16032,250.5,-25.3
16033,250.515625,-28.46
16034,250.53125,-29.27
16035,250.546875,-27.51
16036,250.5625,-23.48
16037,250.578125,-17.91
16038,250.59375,-11.75
16039,250.609375,-5.87
16040,250.625,-0.87
16041,250.640625,3.0
16042,250.65625,5.82
16043,250.671875,7.72
16044,250.6875,8.92
16045,250.703125,9.55
16046,250.71875,9.67
16047,250.734375,9.36
16048,250.75,8.7
16049,250.765625,7.77
16050,250.78125,6.66
16051,250.796875,5.46
16052,250.8125,4.2
16053,250.828125,2.9
16054,250.84375,1.58
16055,250.859375,0.26
16056,250.875,-1.06
16057,250.890625,-2.4
16058,250.90625,-3.8
16059,250.921875,-5.33
16060,250.9375,-7.06
16061,250.953125,-9.02
16062,250.96875,-11.19
16063,250.984375,-13.6
16064,251.0,-16.26
16065,251.015625,-19.2
16066,251.03125,-22.33
16067,251.046875,-25.34
16068,251.0625,-27.69
16069,251.078125,-28.7
16070,251.09375,-27.85
16071,251.109375,-24.96
16072,251.125,-20.39
16073,251.140625,-14.88
16074,251.15625,-9.32
16075,251.171875,-4.45
16076,251.1875,-0.63
16077,251.203125,2.17
16078,251.21875,4.22
16079,251.234375,5.81
16080,251.25,7.16
16081,251.265625,8.28
16082,251.28125,9.08
16083,251.296875,9.42
16084,251.3125,9.21
16085,251.328125,8.48
16086,251.34375,7.31
16087,251.359375,5.9
16088,251.375,4.4
16089,251.390625,2.93
16090,251.40625,1.5
16091,251.421875,0.08
16092,251.4375,-1.42
16093,251.453125,-3.09
16094,251.46875,-5.03
16095,251.484375,-7.37
16096,251.5,-10.27
16097,251.515625,-13.96
16098,251.53125,-18.55
16099,251.546875,-23.97
16100,251.5625,-29.73
16101,251.578125,-34.95
16102,251.59375,-38.51
16103,251.609375,-39.38
16104,251.625,-37.03
16105,251.640625,-31.65
16106,251.65625,-24.18
16107,251.671875,-15.92
16108,251.6875,-8.18
16109,251.703125,-1.85
16110,251.71875,2.75
16111,251.734375,5.76
16112,251.75,7.6
16113,251.765625,8.63
16114,251.78125,9.05
16115,251.796875,8.91
16116,251.8125,8.23
16117,251.828125,7.14
16118,251.84375,5.8
16119,251.859375,4.42
16120,251.875,3.09
16121,251.890625,1.83
16122,251.90625,0.56
16123,251.921875,-0.73
16124,251.9375,-2.05
16125,251.953125,-3.3
16126,251.96875,-4.36
16127,251.984375,-5.21
16128,252.0,-5.97
16129,252.015625,-7.01
16130,252.03125,-8.78
16131,252.046875,-11.74
16132,252.0625,-16.13
16133,252.078125,-21.74
16134,252.09375,-27.83
16135,252.109375,-33.19
16136,252.125,-36.54
16137,252.140625,-36.89
16138,252.15625,-33.95
16139,252.171875,-28.18
16140,252.1875,-20.72
16141,252.203125,-12.85
16142,252.21875,-5.69
16143,252.234375,0.11
16144,252.25,4.41
16145,252.265625,7.4
16146,252.28125,9.36
16147,252.296875,10.54
16148,252.3125,11.08
16149,252.328125,11.11
16150,252.34375,10.73
16151,252.359375,10.02
16152,252.375,9.06
16153,252.390625,7.88
16154,252.40625,6.47
16155,252.421875,4.86
16156,252.4375,3.08
16157,252.453125,1.26
16158,252.46875,-0.48
16159,252.484375,-2.09
16160,252.5,-3.62
16161,252.515625,-5.27
16162,252.53125,-7.28
16163,252.546875,-9.95
16164,252.5625,-13.52
16165,252.578125,-18.17
16166,252.59375,-23.79
16167,252.609375,-29.94
16168,252.625,-35.74
16169,252.640625,-40.0
16170,252.65625,-41.61
16171,252.671875,-39.87
16172,252.6875,-34.88
16173,252.703125,-27.52
16174,252.71875,-19.19
16175,252.734375,-11.23
16176,252.75,-4.61
16177,252.765625,0.36
16178,252.78125,3.93
16179,252.796875,6.55
16180,252.8125,8.61
16181,252.828125,10.3
16182,252.84375,11.67
16183,252.859375,12.66
16184,252.875,13.28
16185,252.890625,13.5
16186,252.90625,13.3
16187,252.921875,12.65
16188,252.9375,11.45
16189,252.953125,9.73
16190,252.96875,7.61
16191,252.984375,5.3
16192,253.0,3.01
16193,253.015625,0.87
16194,253.03125,-1.15
16195,253.046875,-3.16
16196,253.0625,-5.37
16197,253.078125,-7.97
16198,253.09375,-11.12
16199,253.109375,-14.88
16200,253.125,-19.07
16201,253.140625,-23.26
16202,253.15625,-26.73
16203,253.171875,-28.61
16204,253.1875,-28.14
16205,253.203125,-25.0
16206,253.21875,-19.46
16207,253.234375,-12.35
16208,253.25,-4.8
16209,253.265625,2.15
16210,253.28125,7.84
16211,253.296875,12.17
16212,253.3125,15.47
16213,253.328125,18.18
16214,253.34375,20.56
16215,253.359375,22.48
16216,253.375,23.55
16217,253.390625,23.24
16218,253.40625,21.28
16219,253.421875,17.81
16220,253.4375,13.41
16221,253.453125,8.87
16222,253.46875,4.9
16223,253.484375,1.9
16224,253.5,-0.06
16225,253.515625,-1.21
16226,253.53125,-1.89
16227,253.546875,-2.45
16228,253.5625,-3.17
16229,253.578125,-4.37
16230,253.59375,-6.43
16231,253.609375,-9.76
16232,253.625,-14.61
16233,253.640625,-20.79
16234,253.65625,-27.54
16235,253.671875,-33.59
16236,253.6875,-37.44
16237,253.703125,-37.87
16238,253.71875,-34.43
16239,253.734375,-27.58
16240,253.75,-18.6
16241,253.765625,-9.14
16242,253.78125,-0.64
16243,253.796875,5.99
16244,253.8125,10.51
16245,253.828125,13.19
16246,253.84375,14.47
16247,253.859375,14.76
16248,253.875,14.25
16249,253.890625,13.08
16250,253.90625,11.36
16251,253.921875,9.25
16252,253.9375,6.99
16253,253.953125,4.75
16254,253.96875,2.64
16255,253.984375,0.62
16256,254.0,-1.38
16257,254.015625,-3.39
16258,254.03125,-5.39
16259,254.046875,-7.31
16260,254.0625,-9.07
16261,254.078125,-10.76
16262,254.09375,-12.61
16263,254.109375,-15.03
16264,254.125,-18.44
16265,254.140625,-23.17
16266,254.15625,-29.19
16267,254.171875,-36.0
16268,254.1875,-42.57
16269,254.203125,-47.51
16270,254.21875,-49.44
16271,254.234375,-47.55
16272,254.25,-41.97
16273,254.265625,-33.81
16274,254.28125,-24.86
16275,254.296875,-17.0
16276,254.3125,-11.58
16277,254.328125,-9.07
16278,254.34375,-9.05
16279,254.359375,-10.64
16280,254.375,-12.89
16281,254.390625,-15.19
16282,254.40625,-17.32
16283,254.421875,-19.42
16284,254.4375,-21.74
16285,254.453125,-24.46
16286,254.46875,-27.57
16287,254.484375,-30.84
16288,254.5,-33.87
16289,254.515625,-36.14
16290,254.53125,-37.15
16291,254.546875,-36.56
16292,254.5625,-34.29
16293,254.578125,-30.65
16294,254.59375,-26.39
16295,254.609375,-22.68
16296,254.625,-20.82
16297,254.640625,-21.94
16298,254.65625,-26.61
16299,254.671875,-34.49
16300,254.6875,-44.27
16301,254.703125,-53.9
16302,254.71875,-61.15
16303,254.734375,-64.27
16304,254.75,-62.54
16305,254.765625,-56.5
16306,254.78125,-47.75
16307,254.796875,-38.47
16308,254.8125,-30.67
16309,254.828125,-25.74
16310,254.84375,-23.94
16311,254.859375,-24.56
16312,254.875,-26.2
16313,254.890625,-27.27
16314,254.90625,-26.6
16315,254.921875,-23.71
16316,254.9375,-18.88
16317,254.953125,-12.85
16318,254.96875,-6.54
16319,254.984375,-0.64
16320,255.0,4.57
16321,255.015625,9.12
16322,255.03125,13.16
16323,255.046875,16.78
16324,255.0625,19.9
16325,255.078125,22.36
16326,255.09375,24.08
16327,255.109375,24.96
16328,255.125,24.79
16329,255.140625,23.17
16330,255.15625,19.77
16331,255.171875,14.74
16332,255.1875,9.32
16333,255.203125,6.04
16334,255.21875,8.32
16335,255.234375,19.33
16336,255.25,40.69
16337,255.265625,71.37
16338,255.28125,107.74
16339,255.296875,144.6
16340,255.3125,176.94
16341,255.328125,201.49
16342,255.34375,217.52
16343,255.359375,226.49
16344,255.375,230.86
16345,255.390625,232.94
16346,255.40625,234.04
16347,255.421875,234.37
16348,255.4375,233.38
16349,255.453125,230.41
16350,255.46875,224.98
16351,255.484375,217.01
16352,255.5,206.74
16353,255.515625,194.59
16354,255.53125,181.01
16355,255.546875,166.3
16356,255.5625,150.51
16357,255.578125,133.31
16358,255.59375,114.07
16359,255.609375,91.85
16360,255.625,65.67
16361,255.640625,34.9
16362,255.65625,-0.08
16363,255.671875,-37.4
16364,255.6875,-73.47
16365,255.703125,-103.51
16366,255.71875,-122.71
16367,255.734375,-127.5
16368,255.75,-116.79
16369,255.765625,-92.35
16370,255.78125,-58.27
16371,255.796875,-19.83
16372,255.8125,17.82
16373,255.828125,50.6
16374,255.84375,75.87
16375,255.859375,92.47
16376,255.875,100.39
16377,255.890625,100.54
16378,255.90625,94.34
16379,255.921875,83.41
16380,255.9375,69.39
16381,255.953125,53.87
16382,255.96875,38.64
16383,255.984375,25.61
16384,256.0,16.45
16385,256.015625,11.85
16386,256.03125,10.92
16387,256.046875,11.28
16388,256.0625,9.89
16389,256.078125,4.48
16390,256.09375,-5.44
16391,256.109375,-18.42
16392,256.125,-32.19
16393,256.140625,-45.12
16394,256.15625,-57.27
16395,256.171875,-70.42
16396,256.1875,-86.91
16397,256.203125,-108.09
16398,256.21875,-133.26
16399,256.234375,-159.65
16400,256.25,-183.07
16401,256.265625,-199.16
16402,256.28125,-204.3
16403,256.296875,-196.29
16404,256.3125,-174.72
16405,256.328125,-141.29
16406,256.34375,-99.91
16407,256.359375,-56.31
16408,256.375,-16.99
16409,256.390625,12.37
16410,256.40625,28.58
16411,256.421875,31.72
16412,256.4375,24.94
16413,256.453125,13.05
16414,256.46875,0.8
16415,256.484375,-8.46
16416,256.5,-13.33
16417,256.515625,-13.87
16418,256.53125,-10.9
16419,256.546875,-5.37
16420,256.5625,1.84
16421,256.578125,9.71
16422,256.59375,16.95
16423,256.609375,22.12
16424,256.625,24.07
16425,256.640625,22.39
16426,256.65625,17.74
16427,256.671875,11.63
16428,256.6875,5.91
16429,256.703125,2.13
16430,256.71875,1.09
16431,256.734375,2.56
16432,256.75,5.6
16433,256.765625,8.98
16434,256.78125,11.68
16435,256.796875,13.31
16436,256.8125,14.12
16437,256.828125,14.77
16438,256.84375,15.86
16439,256.859375,17.64
16440,256.875,19.74
16441,256.890625,21.4
16442,256.90625,21.83
16443,256.921875,20.71
16444,256.9375,18.29
16445,256.953125,15.32
16446,256.96875,12.68
16447,256.984375,10.97
16448,257.0,10.29
16449,257.015625,10.21
16450,257.03125,10.05
16451,257.046875,9.08
16452,257.0625,6.85
16453,257.078125,3.21
16454,257.09375,-1.74
16455,257.109375,-7.76
16456,257.125,-14.59
16457,257.140625,-22.02
16458,257.15625,-29.72
16459,257.171875,-37.22
16460,257.1875,-43.78
16461,257.203125,-48.52
16462,257.21875,-50.69
16463,257.234375,-49.92
16464,257.25,-46.47
16465,257.265625,-41.17
16466,257.28125,-35.12
16467,257.296875,-29.34
16468,257.3125,-24.44
16469,257.328125,-20.47
16470,257.34375,-17.13
16471,257.359375,-14.02
16472,257.375,-10.86
16473,257.390625,-7.71
16474,257.40625,-4.82
16475,257.421875,-2.49
16476,257.4375,-0.86
16477,257.453125,0.14
16478,257.46875,0.77
16479,257.484375,1.27
16480,257.5,1.74
16481,257.515625,2.13
16482,257.53125,2.31
16483,257.546875,2.25
16484,257.5625,2.13
16485,257.578125,2.23
16486,257.59375,2.83
16487,257.609375,3.92
16488,257.625,5.13
16489,257.640625,5.97
16490,257.65625,6.04
16491,257.671875,5.26
16492,257.6875,4.08
16493,257.703125,3.22
16494,257.71875,3.31
16495,257.734375,4.56
16496,257.75,6.54
16497,257.765625,8.29
16498,257.78125,8.74
16499,257.796875,7.13
16500,257.8125,3.37
16501,257.828125,-1.9
16502,257.84375,-7.59
16503,257.859375,-12.64
16504,257.875,-16.31
16505,257.890625,-18.43
16506,257.90625,-19.32
16507,257.921875,-19.5
16508,257.9375,-19.59
16509,257.953125,-20.06
16510,257.96875,-21.25
16511,257.984375,-23.36
16512,258.0,-26.47
16513,258.015625,-30.39
16514,258.03125,-34.65
16515,258.046875,-38.57
16516,258.0625,-41.4
16517,258.078125,-42.61
16518,258.09375,-42.12
16519,258.109375,-40.3
16520,258.125,-37.76
16521,258.140625,-34.99
16522,258.15625,-32.06
16523,258.171875,-28.55
16524,258.1875,-23.76
16525,258.203125,-17.02
16526,258.21875,-8.14
16527,258.234375,2.45
16528,258.25,13.83
16529,258.265625,24.84
16530,258.28125,34.41
16531,258.296875,41.82
16532,258.3125,46.72
16533,258.328125,49.12
16534,258.34375,49.4
16535,258.359375,48.1
16536,258.375,45.91
16537,258.390625,43.49
16538,258.40625,41.32
16539,258.421875,39.58
16540,258.4375,38.06
16541,258.453125,36.34
16542,258.46875,34.0
16543,258.484375,30.97
16544,258.5,27.53
16545,258.515625,24.29
16546,258.53125,21.83
16547,258.546875,20.36
16548,258.5625,19.58
16549,258.578125,18.7
16550,258.59375,16.72
16551,258.609375,12.79
16552,258.625,6.51
16553,258.640625,-1.97
16554,258.65625,-11.98
16555,258.671875,-22.55
16556,258.6875,-32.64
16557,258.703125,-41.37
16558,258.71875,-48.16
16559,258.734375,-52.78
16560,258.75,-55.28
16561,258.765625,-55.72
16562,258.78125,-53.97
16563,258.796875,-49.75
16564,258.8125,-42.76
16565,258.828125,-33.04
16566,258.84375,-21.2
16567,258.859375,-8.5
16568,258.875,3.57
16569,258.890625,13.59
16570,258.90625,20.76
16571,258.921875,25.1
16572,258.9375,27.35
16573,258.953125,28.64
16574,258.96875,30.17
16575,258.984375,32.84
16576,259.0,36.83
16577,259.015625,41.32
16578,259.03125,44.25
16579,259.046875,42.69
16580,259.0625,33.75
16581,259.078125,15.86
16582,259.09375,-10.08
16583,259.109375,-40.45
16584,259.125,-69.65
16585,259.140625,-91.99
16586,259.15625,-103.58
16587,259.171875,-103.71
16588,259.1875,-94.73
16589,259.203125,-80.84
16590,259.21875,-66.21
16591,259.234375,-53.5
16592,259.25,-43.49
16593,259.265625,-35.66
16594,259.28125,-29.29
16595,259.296875,-24.3
16596,259.3125,-21.2
16597,259.328125,-20.51
16598,259.34375,-22.01
16599,259.359375,-24.47
16600,259.375,-26.01
16601,259.390625,-25.14
16602,259.40625,-21.58
16603,259.421875,-16.47
16604,259.4375,-11.74
16605,259.453125,-9.12
16606,259.46875,-9.14
16607,259.484375,-11.06
16608,259.5,-13.3
16609,259.515625,-14.34
16610,259.53125,-13.44
16611,259.546875,-10.94
16612,259.5625,-7.97
16613,259.578125,-5.84
16614,259.59375,-5.54
16615,259.609375,-7.28
16616,259.625,-10.55
16617,259.640625,-14.23
16618,259.65625,-17.04
16619,259.671875,-18.06
16620,259.6875,-17.1
16621,259.703125,-14.81
16622,259.71875,-12.41
16623,259.734375,-11.09
16624,259.75,-11.33
16625,259.765625,-12.62
16626,259.78125,-13.63
16627,259.796875,-12.93
16628,259.8125,-9.67
16629,259.828125,-4.04
16630,259.84375,2.88
16631,259.859375,9.67
16632,259.875,15.23
16633,259.890625,19.12
16634,259.90625,21.59
16635,259.921875,23.19
16636,259.9375,24.33
16637,259.953125,25.16
16638,259.96875,25.49
16639,259.984375,25.1
16640,260.0,23.9
16641,260.015625,22.1
16642,260.03125,20.13
16643,260.046875,18.45
16644,260.0625,17.33
16645,260.078125,16.69
16646,260.09375,16.12
16647,260.109375,15.13
16648,260.125,13.37
16649,260.140625,10.86
16650,260.15625,8.01
16651,260.171875,5.31
16652,260.1875,3.11
16653,260.203125,1.34
16654,260.21875,-0.44
16655,260.234375,-2.86
16656,260.25,-6.39
16657,260.265625,-11.05
16658,260.28125,-16.33
16659,260.296875,-21.31
16660,260.3125,-24.91
16661,260.328125,-26.25
16662,260.34375,-24.79
16663,260.359375,-20.61
16664,260.375,-14.28
16665,260.390625,-6.79
16666,260.40625,0.7
16667,260.421875,7.23
16668,260.4375,12.17
16669,260.453125,15.4
16670,260.46875,17.14
16671,260.484375,17.81
16672,260.5,17.79
16673,260.515625,17.32
16674,260.53125,16.48
16675,260.546875,15.29
16676,260.5625,13.81
16677,260.578125,12.17
16678,260.59375,10.51
16679,260.609375,8.95
16680,260.625,7.49
16681,260.640625,6.0
16682,260.65625,4.38
16683,260.671875,2.6
16684,260.6875,0.78
16685,260.703125,-0.88
16686,260.71875,-2.23
16687,260.734375,-3.33
16688,260.75,-4.49
16689,260.765625,-6.22
16690,260.78125,-9.04
16691,260.796875,-13.13
16692,260.8125,-18.2
16693,260.828125,-23.42
16694,260.84375,-27.68
16695,260.859375,-29.89
16696,260.875,-29.43
16697,260.890625,-26.29
16698,260.90625,-21.12
16699,260.921875,-14.89
16700,260.9375,-8.62
16701,260.953125,-3.01
16702,260.96875,1.6
16703,260.984375,5.23
16704,261.0,8.09
16705,261.015625,10.33
16706,261.03125,12.03
16707,261.046875,13.14
16708,261.0625,13.66
16709,261.078125,13.68
16710,261.09375,13.35
16711,261.109375,12.82
16712,261.125,12.14
16713,261.140625,11.2
16714,261.15625,9.76
16715,261.171875,7.57
16716,261.1875,4.59
16717,261.203125,1.01
16718,261.21875,-2.8
16719,261.234375,-6.46
16720,261.25,-9.77
16721,261.265625,-12.78
16722,261.28125,-15.78
16723,261.296875,-19.19
16724,261.3125,-23.42
16725,261.328125,-28.7
16726,261.34375,-35.08
16727,261.359375,-42.31
16728,261.375,-49.79
16729,261.390625,-56.48
16730,261.40625,-61.1
16731,261.421875,-62.38
16732,261.4375,-59.5
16733,261.453125,-52.46
16734,261.46875,-42.16
16735,261.484375,-30.28
16736,261.5,-18.63
16737,261.515625,-8.69
16738,261.53125,-1.14
16739,261.546875,4.12
16740,261.5625,7.71
16741,261.578125,10.28
16742,261.59375,12.23
16743,261.609375,13.67
16744,261.625,14.55
16745,261.640625,14.95
16746,261.65625,15.16
16747,261.671875,15.54
16748,261.6875,16.25
16749,261.703125,17.11
16750,261.71875,17.58
16751,261.734375,17.03
16752,261.75,15.09
16753,261.765625,11.94
16754,261.78125,8.22
16755,261.796875,4.75
16756,261.8125,2.18
16757,261.828125,0.57
16758,261.84375,-0.54
16759,261.859375,-1.93
16760,261.875,-4.29
16761,261.890625,-7.98
16762,261.90625,-12.88
16763,261.921875,-18.42
16764,261.9375,-23.75
16765,261.953125,-27.93
16766,261.96875,-30.14
16767,261.984375,-29.76
16768,262.0,-26.58
16769,262.015625,-20.81
16770,262.03125,-13.08
16771,262.046875,-4.36
16772,262.0625,4.34
16773,262.078125,12.19
16774,262.09375,18.7
16775,262.109375,23.79
16776,262.125,27.64
16777,262.140625,30.46
16778,262.15625,32.44
16779,262.171875,33.65
16780,262.1875,34.11
16781,262.203125,33.86
16782,262.21875,33.08
16783,262.234375,32.0
16784,262.25,30.86
16785,262.265625,29.8
16786,262.28125,28.69
16787,262.296875,27.31
16788,262.3125,25.41
16789,262.328125,22.86
16790,262.34375,19.74
16791,262.359375,16.35
16792,262.375,13.01
16793,262.390625,9.92
16794,262.40625,7.04
16795,262.421875,4.08
16796,262.4375,0.67
16797,262.453125,-3.53
16798,262.46875,-8.69
16799,262.484375,-14.76
16800,262.5,-21.4
16801,262.515625,-28.03
16802,262.53125,-33.85
16803,262.546875,-37.94
16804,262.5625,-39.5
16805,262.578125,-38.02
16806,262.59375,-33.54
16807,262.609375,-26.73
16808,262.625,-18.66
16809,262.640625,-10.53
16810,262.65625,-3.3
16811,262.671875,2.58
16812,262.6875,7.2
16813,262.703125,10.9
16814,262.71875,13.99
16815,262.734375,16.46
16816,262.75,17.97
16817,262.765625,18.14
16818,262.78125,16.86
16819,262.796875,14.5
16820,262.8125,11.86
16821,262.828125,9.89
16822,262.84375,9.18
16823,262.859375,9.71
16824,262.875,10.85
16825,262.890625,11.6
16826,262.90625,11.1
16827,262.921875,8.95
16828,262.9375,5.39
16829,262.953125,1.03
16830,262.96875,-3.35
16831,262.984375,-7.22
16832,263.0,-10.46
16833,263.015625,-13.4
16834,263.03125,-16.62
16835,263.046875,-20.81
16836,263.0625,-26.51
16837,263.078125,-33.82
16838,263.09375,-42.35
16839,263.109375,-51.14
16840,263.125,-58.8
16841,263.140625,-63.78
16842,263.15625,-64.82
16843,263.171875,-61.36
16844,263.1875,-53.79
16845,263.203125,-43.45
16846,263.21875,-32.27
16847,263.234375,-22.16
16848,263.25,-14.09
16849,263.265625,-7.64
16850,263.28125,-1.0
16851,263.296875,8.22
16852,263.3125,21.67
16853,263.328125,39.16
16854,263.34375,58.34
16855,263.359375,75.4
16856,263.375,86.47
16857,263.390625,89.09
16858,263.40625,82.85
16859,263.421875,69.29
16860,263.4375,51.05
16861,263.453125,30.9
16862,263.46875,11.24
16863,263.484375,-6.05
16864,263.5,-19.47
16865,263.515625,-27.84
16866,263.53125,-30.58
16867,263.546875,-28.12
16868,263.5625,-22.1
16869,263.578125,-14.91
16870,263.59375,-9.04
16871,263.609375,-6.2
16872,263.625,-6.73
16873,263.640625,-9.78
16874,263.65625,-13.77
16875,263.671875,-17.26
16876,263.6875,-19.44
16877,263.703125,-20.09
16878,263.71875,-19.13
16879,263.734375,-16.26
16880,263.75,-10.95
16881,263.765625,-3.22
16882,263.78125,5.78
16883,263.796875,13.59
16884,263.8125,17.35
16885,263.828125,15.23
16886,263.84375,7.51
16887,263.859375,-3.22
16888,263.875,-13.24
16889,263.890625,-19.39
16890,263.90625,-20.46
16891,263.921875,-17.39
16892,263.9375,-12.38
16893,263.953125,-7.57
16894,263.96875,-4.06
16895,263.984375,-1.77
16896,264.0,-0.07
16897,264.015625,1.42
16898,264.03125,2.59
16899,264.046875,3.03
16900,264.0625,2.43
16901,264.078125,1.05
16902,264.09375,-0.55
16903,264.109375,-1.75
16904,264.125,-2.2
16905,264.140625,-2.15
16906,264.15625,-2.12
16907,264.171875,-2.66
16908,264.1875,-4.01
16909,264.203125,-5.95
16910,264.21875,-7.97
16911,264.234375,-9.57
16912,264.25,-10.6
16913,264.265625,-11.49
16914,264.28125,-13.2
16915,264.296875,-17.04
16916,264.3125,-24.12
16917,264.328125,-34.87
16918,264.34375,-48.56
16919,264.359375,-63.23
16920,264.375,-75.93
16921,264.390625,-83.53
16922,264.40625,-83.71
16923,264.421875,-75.66
16924,264.4375,-60.45
16925,264.453125,-40.72
16926,264.46875,-19.79
16927,264.484375,-0.67
16928,264.5,14.71
16929,264.515625,25.78
16930,264.53125,33.0
16931,264.546875,37.28
16932,264.5625,39.46
16933,264.578125,40.12
16934,264.59375,39.54
16935,264.609375,38.08
16936,264.625,36.19
16937,264.640625,34.38
16938,264.65625,33.07
16939,264.671875,32.39
16940,264.6875,32.12
16941,264.703125,31.92
16942,264.71875,31.47
16943,264.734375,30.67
16944,264.75,29.59
16945,264.765625,28.45
16946,264.78125,27.38
16947,264.796875,26.41
16948,264.8125,25.39
16949,264.828125,24.1
16950,264.84375,22.33
16951,264.859375,19.95
16952,264.875,16.91
16953,264.890625,13.27
16954,264.90625,9.09
16955,264.921875,4.4
16956,264.9375,-0.86
16957,264.953125,-6.79
16958,264.96875,-13.37
16959,264.984375,-20.27
16960,265.0,-26.77
16961,265.015625,-31.82
16962,265.03125,-34.32
16963,265.046875,-33.51
16964,265.0625,-29.3
16965,265.078125,-22.29
16966,265.09375,-13.67
16967,265.109375,-4.78
16968,265.125,3.29
16969,265.140625,9.97
16970,265.15625,15.24
16971,265.171875,19.53
16972,265.1875,23.36
16973,265.203125,27.08
16974,265.21875,30.71
16975,265.234375,33.96
16976,265.25,36.42
16977,265.265625,37.86
16978,265.28125,38.4
16979,265.296875,38.42
16980,265.3125,38.53
16981,265.328125,39.14
16982,265.34375,40.4
16983,265.359375,42.04
16984,265.375,43.55
16985,265.390625,44.39
16986,265.40625,44.16
16987,265.421875,42.73
16988,265.4375,40.23
16989,265.453125,36.99
16990,265.46875,33.34
16991,265.484375,29.55
16992,265.5,25.75
16993,265.515625,21.89
16994,265.53125,17.71
16995,265.546875,12.88
16996,265.5625,6.96
16997,265.578125,-0.39
16998,265.59375,-9.28
16999,265.609375,-19.43
17000,265.625,-30.07
17001,265.640625,-39.92
17002,265.65625,-47.48
17003,265.671875,-51.44
17004,265.6875,-51.01
17005,265.703125,-46.25
17006,265.71875,-38.02
17007,265.734375,-27.69
17008,265.75,-16.79
17009,265.765625,-6.6
17010,265.78125,2.05
17011,265.796875,8.87
17012,265.8125,14.01
17013,265.828125,17.82
17014,265.84375,20.71
17015,265.859375,22.97
17016,265.875,24.74
17017,265.890625,25.96
17018,265.90625,26.52
17019,265.921875,26.34
17020,265.9375,25.52
17021,265.953125,24.32
17022,265.96875,23.03
17023,265.984375,21.94
17024,266.0,21.23
17025,266.015625,20.88
17026,266.03125,20.74
17027,266.046875,20.6
17028,266.0625,20.2
17029,266.078125,19.33
17030,266.09375,17.74
17031,266.109375,15.2
17032,266.125,11.51
17033,266.140625,6.63
17034,266.15625,0.76
17035,266.171875,-5.67
17036,266.1875,-12.02
17037,266.203125,-17.68
17038,266.21875,-22.3
17039,266.234375,-25.92
17040,266.25,-28.97
17041,266.265625,-32.1
17042,266.28125,-35.9
17043,266.296875,-40.56
17044,266.3125,-45.68
17045,266.328125,-50.28
17046,266.34375,-53.15
17047,266.359375,-53.14
17048,266.375,-49.69
17049,266.390625,-43.02
17050,266.40625,-34.04
17051,266.421875,-24.03
17052,266.4375,-14.19
17053,266.453125,-5.26
17054,266.46875,2.54
17055,266.484375,9.31
17056,266.5,15.3
17057,266.515625,20.63
17058,266.53125,25.32
17059,266.546875,29.34
17060,266.5625,32.71
17061,266.578125,35.55
17062,266.59375,37.99
17063,266.609375,40.08
17064,266.625,41.81
17065,266.640625,43.1
17066,266.65625,43.85
17067,266.671875,44.0
17068,266.6875,43.55
17069,266.703125,42.43
17070,266.71875,40.64
17071,266.734375,38.21
17072,266.75,35.27
17073,266.765625,31.95
17074,266.78125,28.34
17075,266.796875,24.43
17076,266.8125,20.1
17077,266.828125,15.32
17078,266.84375,10.19
17079,266.859375,4.99
17080,266.875,0.07
17081,266.890625,-4.33
17082,266.90625,-8.29
17083,266.921875,-12.17
17084,266.9375,-16.47
17085,266.953125,-21.5
17086,266.96875,-27.2
17087,266.984375,-32.96
17088,267.0,-37.78
17089,267.015625,-40.59
17090,267.03125,-40.54
17091,267.046875,-37.37
17092,267.0625,-31.45
17093,267.078125,-23.63
17094,267.09375,-15.02
17095,267.109375,-6.67
17096,267.125,0.71
17097,267.140625,6.78
17098,267.15625,11.54
17099,267.171875,15.14
17100,267.1875,17.8
17101,267.203125,19.74
17102,267.21875,21.15
17103,267.234375,22.14
17104,267.25,22.8
17105,267.265625,23.18
17106,267.28125,23.31
17107,267.296875,23.23
17108,267.3125,23.06
17109,267.328125,22.88
17110,267.34375,22.74
17111,267.359375,22.6
17112,267.375,22.3
17113,267.390625,21.66
17114,267.40625,20.54
17115,267.421875,18.87
17116,267.4375,16.71
17117,267.453125,14.24
17118,267.46875,11.57
17119,267.484375,8.85
17120,267.5,6.14
17121,267.515625,3.5
17122,267.53125,0.92
17123,267.546875,-1.7
17124,267.5625,-4.59
17125,267.578125,-8.05
17126,267.59375,-12.24
17127,267.609375,-17.08
17128,267.625,-22.04
17129,267.640625,-26.17
17130,267.65625,-28.41
17131,267.671875,-27.82
17132,267.6875,-24.0
17133,267.703125,-17.25
17134,267.71875,-8.43
17135,267.734375,1.32
17136,267.75,10.94
17137,267.765625,19.71
17138,267.78125,27.38
17139,267.796875,33.98
17140,267.8125,39.7
17141,267.828125,44.68
17142,267.84375,48.98
17143,267.859375,52.57
17144,267.875,55.37
17145,267.890625,57.35
17146,267.90625,58.48
17147,267.921875,58.83
17148,267.9375,58.53
17149,267.953125,57.85
17150,267.96875,57.03
17151,267.984375,56.29
17152,268.0,55.54
17153,268.015625,54.43
17154,268.03125,52.39
17155,268.046875,48.94
17156,268.0625,43.86
17157,268.078125,37.28
17158,268.09375,29.72
17159,268.109375,21.7
17160,268.125,13.67
17161,268.140625,5.74
17162,268.15625,-2.14
17163,268.171875,-10.12
17164,268.1875,-18.29
17165,268.203125,-26.55
17166,268.21875,-34.77
17167,268.234375,-42.77
17168,268.25,-50.3
17169,268.265625,-56.94
17170,268.28125,-62.1
17171,268.296875,-64.99
17172,268.3125,-64.91
17173,268.328125,-61.48
17174,268.34375,-54.87
17175,268.359375,-45.86
17176,268.375,-35.62
17177,268.390625,-25.42
17178,268.40625,-16.25
17179,268.421875,-8.7
17180,268.4375,-2.81
17181,268.453125,1.66
17182,268.46875,5.14
17183,268.484375,7.97
17184,268.5,10.35
17185,268.515625,12.37
17186,268.53125,14.03
17187,268.546875,15.36
17188,268.5625,16.42
17189,268.578125,17.3
17190,268.59375,18.1
17191,268.609375,18.82
17192,268.625,19.39
17193,268.640625,19.69
17194,268.65625,19.56
17195,268.671875,18.96
17196,268.6875,17.85
17197,268.703125,16.31
17198,268.71875,14.41
17199,268.734375,12.23
17200,268.75,9.79
17201,268.765625,7.09
17202,268.78125,4.15
17203,268.796875,1.05
17204,268.8125,-2.1
17205,268.828125,-5.14
17206,268.84375,-7.96
17207,268.859375,-10.55
17208,268.875,-13.08
17209,268.890625,-15.79
17210,268.90625,-18.96
17211,268.921875,-22.61
17212,268.9375,-26.41
17213,268.953125,-29.63
17214,268.96875,-31.34
17215,268.984375,-30.71
17216,269.0,-27.36
17217,269.015625,-21.56
17218,269.03125,-14.23
17219,269.046875,-6.72
17220,269.0625,-0.36
17221,269.078125,3.93
17222,269.09375,5.92
17223,269.109375,6.15
17224,269.125,5.8
17225,269.140625,6.32
17226,269.15625,8.9
17227,269.171875,13.93
17228,269.1875,20.72
17229,269.203125,27.6
17230,269.21875,32.55
17231,269.234375,34.1
17232,269.25,32.1
17233,269.265625,28.04
17234,269.28125,24.56
17235,269.296875,24.36
17236,269.3125,28.93
17237,269.328125,37.97
17238,269.34375,49.23
17239,269.359375,60.0
17240,269.375,68.27
17241,269.390625,73.9
17242,269.40625,78.53
17243,269.421875,84.85
17244,269.4375,95.11
17245,269.453125,110.13
17246,269.46875,129.33
17247,269.484375,150.77
17248,269.5,171.43
17249,269.515625,186.97
17250,269.53125,191.86
17251,269.546875,180.68
17252,269.5625,150.94
17253,269.578125,105.85
17254,269.59375,55.33
17255,269.609375,13.02
17256,269.625,-9.6
17257,269.640625,-9.22
17258,269.65625,6.51
17259,269.671875,21.42
17260,269.6875,17.7
17261,269.703125,-16.52
17262,269.71875,-82.02
17263,269.734375,-168.52
17264,269.75,-258.96
17265,269.765625,-335.75
17266,269.78125,-385.7
17267,269.796875,-402.2
17268,269.8125,-384.9
17269,269.828125,-338.27
17270,269.84375,-270.61
17271,269.859375,-193.06
17272,269.875,-118.61
17273,269.890625,-59.89
17274,269.90625,-26.31
17275,269.921875,-20.8
17276,269.9375,-38.42
17277,269.953125,-67.83
17278,269.96875,-94.84
17279,269.984375,-107.52
17280,270.0,-100.03
17281,270.015625,-73.77
17282,270.03125,-35.41
17283,270.046875,6.66
17284,270.0625,45.76
17285,270.078125,78.02
17286,270.09375,102.03
17287,270.109375,117.49
17288,270.125,124.21
17289,270.140625,122.34
17290,270.15625,113.0
17291,270.171875,98.71
17292,270.1875,82.92
17293,270.203125,68.71
17294,270.21875,57.38
17295,270.234375,47.71
17296,270.25,36.37
17297,270.265625,19.25
17298,270.28125,-6.93
17299,270.296875,-43.43
17300,270.3125,-88.92
17301,270.328125,-139.7
17302,270.34375,-190.34
17303,270.359375,-234.54
17304,270.375,-266.25
17305,270.390625,-280.79
17306,270.40625,-275.97
17307,270.421875,-252.6
17308,270.4375,-214.25
17309,270.453125,-166.08
17310,270.46875,-113.3
17311,270.484375,-59.96
17312,270.5,-8.29
17313,270.515625,41.04
17314,270.53125,88.12
17315,270.546875,132.98
17316,270.5625,175.07
17317,270.578125,213.23
17318,270.59375,246.1
17319,270.609375,272.52
17320,270.625,291.87
17321,270.640625,304.06
17322,270.65625,309.24
17323,270.671875,307.45
17324,270.6875,298.38
17325,270.703125,281.46
17326,270.71875,256.5
17327,270.734375,224.28
17328,270.75,187.01
17329,270.765625,147.99
17330,270.78125,110.78
17331,270.796875,78.2
17332,270.8125,51.32
17333,270.828125,29.64
17334,270.84375,11.56
17335,270.859375,-4.59
17336,270.875,-19.65
17337,270.890625,-33.28
17338,270.90625,-44.02
17339,270.921875,-49.86
17340,270.9375,-48.75
17341,270.953125,-39.21
17342,270.96875,-20.85
17343,270.984375,5.19
17344,271.0,36.22
17345,271.015625,68.57
17346,271.03125,98.64
17347,271.046875,124.02
17348,271.0625,144.15
17349,271.078125,159.98
17350,271.09375,172.81
17351,271.109375,183.06
17352,271.125,189.52
17353,271.140625,189.78
17354,271.15625,181.4
17355,271.171875,163.18
17356,271.1875,135.86
17357,271.203125,101.77
17358,271.21875,64.2
17359,271.234375,26.55
17360,271.25,-8.09
17361,271.265625,-37.21
17362,271.28125,-59.05
17363,271.296875,-72.85
17364,271.3125,-79.14
17365,271.328125,-79.41
17366,271.34375,-75.64
17367,271.359375,-69.51
17368,271.375,-62.06
17369,271.390625,-53.57
17370,271.40625,-44.1
17371,271.421875,-33.97
17372,271.4375,-24.08
17373,271.453125,-15.74
17374,271.46875,-10.23
17375,271.484375,-8.43
17376,271.5,-10.53
17377,271.515625,-16.02
17378,271.53125,-23.89
17379,271.546875,-32.89
17380,271.5625,-41.67
17381,271.578125,-49.06
17382,271.59375,-54.2
17383,271.609375,-56.54
17384,271.625,-55.91
17385,271.640625,-52.54
17386,271.65625,-47.09
17387,271.671875,-40.53
17388,271.6875,-34.0
17389,271.703125,-28.51
17390,271.71875,-24.72
17391,271.734375,-22.7
17392,271.75,-22.04
17393,271.765625,-22.06
17394,271.78125,-22.13
17395,271.796875,-21.94
17396,271.8125,-21.6
17397,271.828125,-21.48
17398,271.84375,-22.06
17399,271.859375,-23.59
17400,271.875,-25.97
17401,271.890625,-28.85
17402,271.90625,-31.75
17403,271.921875,-34.24
17404,271.9375,-36.12
17405,271.953125,-37.45
17406,271.96875,-38.46
17407,271.984375,-39.4
17408,272.0,-40.5
17409,272.015625,-41.8
17410,272.03125,-43.24
17411,272.046875,-44.75
17412,272.0625,-46.28
17413,272.078125,-47.89
17414,272.09375,-49.74
17415,272.109375,-52.02
17416,272.125,-54.87
17417,272.140625,-58.33
17418,272.15625,-62.31
17419,272.171875,-66.52
17420,272.1875,-70.45
17421,272.203125,-73.38
17422,272.21875,-74.44
17423,272.234375,-72.86
17424,272.25,-68.18
17425,272.265625,-60.5
17426,272.28125,-50.6
17427,272.296875,-39.72
17428,272.3125,-29.22
17429,272.328125,-20.15
17430,272.34375,-13.03
17431,272.359375,-7.8
17432,272.375,-4.02
17433,272.390625,-1.14
17434,272.40625,1.25
17435,272.421875,3.32
17436,272.4375,5.06
17437,272.453125,6.36
17438,272.46875,7.08
17439,272.484375,7.18
17440,272.5,6.63
17441,272.515625,5.51
17442,272.53125,3.88
17443,272.546875,1.89
17444,272.5625,-0.25
17445,272.578125,-2.29
17446,272.59375,-4.01
17447,272.609375,-5.33
17448,272.625,-6.4
17449,272.640625,-7.57
17450,272.65625,-9.32
17451,272.671875,-12.06
17452,272.6875,-15.95
17453,272.703125,-20.84
17454,272.71875,-26.33
17455,272.734375,-31.87
17456,272.75,-37.02
17457,272.765625,-41.58
17458,272.78125,-45.66
17459,272.796875,-49.66
17460,272.8125,-54.22
17461,272.828125,-59.93
17462,272.84375,-67.11
17463,272.859375,-75.54
17464,272.875,-84.34
17465,272.890625,-92.11
17466,272.90625,-97.35
17467,272.921875,-98.9
17468,272.9375,-96.45
17469,272.953125,-90.62
17470,272.96875,-82.77
17471,272.984375,-74.57
17472,273.0,-67.44
17473,273.015625,-62.21
17474,273.03125,-59.01
17475,273.046875,-57.34
17476,273.0625,-56.44
17477,273.078125,-55.49
17478,273.09375,-54.0
17479,273.109375,-51.87
17480,273.125,-49.35
17481,273.140625,-46.9
17482,273.15625,-44.91
17483,273.171875,-43.48
17484,273.1875,-42.39
17485,273.203125,-41.22
17486,273.21875,-39.58
17487,273.234375,-37.34
17488,273.25,-34.71
17489,273.265625,-32.16
17490,273.28125,-30.3
17491,273.296875,-29.66
17492,273.3125,-30.56
17493,273.328125,-32.95
17494,273.34375,-36.15
17495,273.359375,-38.74
17496,273.375,-38.78
17497,273.390625,-34.24
17498,273.40625,-23.91
17499,273.421875,-8.09
17500,273.4375,11.1
17501,273.453125,30.18
17502,273.46875,45.46
17503,273.484375,54.25
17504,273.5,55.71
17505,273.515625,50.9
17506,273.53125,42.0
17507,273.546875,31.38
17508,273.5625,20.59
17509,273.578125,10.31
17510,273.59375,0.56
17511,273.609375,-8.73
17512,273.625,-17.26
17513,273.640625,-24.44
17514,273.65625,-29.66
17515,273.671875,-32.65
17516,273.6875,-33.68
17517,273.703125,-33.46
17518,273.71875,-32.79
17519,273.734375,-32.23
17520,273.75,-31.81
17521,273.765625,-31.05
17522,273.78125,-29.14
17523,273.796875,-25.26
17524,273.8125,-18.88
17525,273.828125,-10.0
17526,273.84375,0.78
17527,273.859375,12.39
17528,273.875,23.5
17529,273.890625,32.81
17530,273.90625,39.35
17531,273.921875,42.71
17532,273.9375,43.0
17533,273.953125,40.84
17534,273.96875,37.12
17535,273.984375,32.76
17536,274.0,28.53
17537,274.015625,24.86
17538,274.03125,21.82
17539,274.046875,19.22
17540,274.0625,16.68
17541,274.078125,13.83
17542,274.09375,10.42
17543,274.109375,6.46
17544,274.125,2.2
17545,274.140625,-1.84
17546,274.15625,-5.08
17547,274.171875,-6.99
17548,274.1875,-7.27
17549,274.203125,-5.99
17550,274.21875,-3.56
17551,274.234375,-0.73
17552,274.25,1.69
17553,274.265625,3.04
17554,274.28125,2.94
17555,274.296875,1.43
17556,274.3125,-1.14
17557,274.328125,-4.18
17558,274.34375,-7.11
17559,274.359375,-9.47
17560,274.375,-10.99
17561,274.390625,-11.6
17562,274.40625,-11.39
17563,274.421875,-10.48
17564,274.4375,-9.03
17565,274.453125,-7.24
17566,274.46875,-5.4
17567,274.484375,-3.83
17568,274.5,-2.75
17569,274.515625,-2.21
17570,274.53125,-2.08
17571,274.546875,-2.13
17572,274.5625,-2.16
17573,274.578125,-2.12
17574,274.59375,-2.09
17575,274.609375,-2.22
17576,274.625,-2.67
17577,274.640625,-3.54
17578,274.65625,-4.96
17579,274.671875,-7.1
17580,274.6875,-10.09
17581,274.703125,-13.88
17582,274.71875,-18.05
17583,274.734375,-21.84
17584,274.75,-24.29
17585,274.765625,-24.58
17586,274.78125,-22.34
17587,274.796875,-17.84
17588,274.8125,-11.86
17589,274.828125,-5.42
17590,274.84375,0.57
17591,274.859375,5.54
17592,274.875,9.29
17593,274.890625,11.92
17594,274.90625,13.73
17595,274.921875,14.98
17596,274.9375,15.87
17597,274.953125,16.51
17598,274.96875,16.94
17599,274.984375,17.15
17600,275.0,17.13
17601,275.015625,16.9
17602,275.03125,16.52
17603,275.046875,16.06
17604,275.0625,15.58
17605,275.078125,15.05
17606,275.09375,14.35
17607,275.109375,13.28
17608,275.125,11.72
17609,275.140625,9.65
17610,275.15625,7.21
17611,275.171875,4.62
17612,275.1875,2.05
17613,275.203125,-0.42
17614,275.21875,-2.91
17615,275.234375,-5.57
17616,275.25,-8.57
17617,275.265625,-12.0
17618,275.28125,-15.84
17619,275.296875,-19.98
17620,275.3125,-24.21
17621,275.328125,-28.17
17622,275.34375,-31.34
17623,275.359375,-33.06
17624,275.375,-32.71
17625,275.390625,-29.97
17626,275.40625,-24.91
17627,275.421875,-18.09
17628,275.4375,-10.38
17629,275.453125,-2.73
17630,275.46875,4.11
17631,275.484375,9.69
17632,275.5,13.93
17633,275.515625,17.01
17634,275.53125,19.18
17635,275.546875,20.67
17636,275.5625,21.61
17637,275.578125,22.04
17638,275.59375,21.91
17639,275.609375,21.29
17640,275.625,20.35
17641,275.640625,19.38
17642,275.65625,18.67
17643,275.671875,18.38
17644,275.6875,18.46
17645,275.703125,18.67
17646,275.71875,18.71
17647,275.734375,18.29
17648,275.75,17.24
17649,275.765625,15.53
17650,275.78125,13.26
17651,275.796875,10.61
17652,275.8125,7.82
17653,275.828125,5.1
17654,275.84375,2.59
17655,275.859375,0.38
17656,275.875,-1.66
17657,275.890625,-3.69
17658,275.90625,-5.95
17659,275.921875,-8.6
17660,275.9375,-11.59
17661,275.953125,-14.57
17662,275.96875,-16.99
17663,275.984375,-18.19
17664,276.0,-17.58
17665,276.015625,-14.94
17666,276.03125,-10.47
17667,276.046875,-4.82
17668,276.0625,1.14
17669,276.078125,6.54
17670,276.09375,10.8
17671,276.109375,13.7
17672,276.125,15.35
17673,276.140625,16.09
17674,276.15625,16.21
17675,276.171875,15.94
17676,276.1875,15.36
17677,276.203125,14.49
17678,276.21875,13.37
17679,276.234375,12.17
17680,276.25,11.08
17681,276.265625,10.26
17682,276.28125,9.82
17683,276.296875,9.65
17684,276.3125,9.61
17685,276.328125,9.52
17686,276.34375,9.24
17687,276.359375,8.78
17688,276.375,8.18
17689,276.390625,7.53
17690,276.40625,6.79
17691,276.421875,5.9
17692,276.4375,4.72
17693,276.453125,3.23
17694,276.46875,1.46
17695,276.484375,-0.51
17696,276.5,-2.59
17697,276.515625,-4.83
17698,276.53125,-7.38
17699,276.546875,-10.41
17700,276.5625,-13.91
17701,276.578125,-17.62
17702,276.59375,-20.96
17703,276.609375,-23.22
17704,276.625,-23.79
17705,276.640625,-22.38
17706,276.65625,-19.16
17707,276.671875,-14.68
17708,276.6875,-9.67
17709,276.703125,-4.77
17710,276.71875,-0.4
17711,276.734375,3.33
17712,276.75,6.53
17713,276.765625,9.33
17714,276.78125,11.83
17715,276.796875,13.91
17716,276.8125,15.42
17717,276.828125,16.23
17718,276.84375,16.43
17719,276.859375,16.28
17720,276.875,16.22
17721,276.890625,16.6
17722,276.90625,17.57
17723,276.921875,18.94
17724,276.9375,20.28
17725,276.953125,21.14
17726,276.96875,21.23
17727,276.984375,20.53
17728,277.0,19.28
17729,277.015625,17.8
17730,277.03125,16.31
17731,277.046875,14.84
17732,277.0625,13.22
17733,277.078125,11.23
17734,277.09375,8.67
17735,277.109375,5.49
17736,277.125,1.76
17737,277.140625,-2.39
17738,277.15625,-6.68
17739,277.171875,-10.78
17740,277.1875,-14.24
17741,277.203125,-16.51
17742,277.21875,-17.15
17743,277.234375,-15.93
17744,277.25,-12.97
17745,277.265625,-8.72
17746,277.28125,-3.89
17747,277.296875,0.86
17748,277.3125,4.98
17749,277.328125,8.2
17750,277.34375,10.44
17751,277.359375,11.82
17752,277.375,12.55
17753,277.390625,12.83
17754,277.40625,12.86
17755,277.421875,12.72
17756,277.4375,12.39
17757,277.453125,11.82
17758,277.46875,10.95
17759,277.484375,9.84
17760,277.5,8.64
17761,277.515625,7.52
17762,277.53125,6.57
17763,277.546875,5.76
17764,277.5625,4.96
17765,277.578125,4.0
17766,277.59375,2.77
17767,277.609375,1.27
17768,277.625,-0.39
17769,277.640625,-2.13
17770,277.65625,-3.89
17771,277.671875,-5.68
17772,277.6875,-7.62
17773,277.703125,-9.81
17774,277.71875,-12.36
17775,277.734375,-15.31
17776,277.75,-18.59
17777,277.765625,-21.99
17778,277.78125,-25.09
17779,277.796875,-27.28
17780,277.8125,-27.83
17781,277.828125,-26.2
17782,277.84375,-22.18
17783,277.859375,-16.11
17784,277.875,-8.79
17785,277.890625,-1.29
17786,277.90625,5.43
17787,277.921875,10.73
17788,277.9375,14.45
17789,277.953125,16.77
17790,277.96875,18.05
17791,277.984375,18.6
17792,278.0,18.65
17793,278.015625,18.33
17794,278.03125,17.72
17795,278.046875,16.97
17796,278.0625,16.31
17797,278.078125,15.99
17798,278.09375,16.16
17799,278.109375,16.78
17800,278.125,17.62
17801,278.140625,18.36
17802,278.15625,18.76
17803,278.171875,18.72
17804,278.1875,18.34
17805,278.203125,17.83
17806,278.21875,17.32
17807,278.234375,16.77
17808,278.25,15.97
17809,278.265625,14.6
17810,278.28125,12.44
17811,278.296875,9.47
17812,278.3125,5.81
17813,278.328125,1.7
17814,278.34375,-2.64
17815,278.359375,-6.98
17816,278.375,-11.02
17817,278.390625,-14.27
17818,278.40625,-16.12
17819,278.421875,-15.99
17820,278.4375,-13.55
17821,278.453125,-8.94
17822,278.46875,-2.75
17823,278.484375,4.1
17824,278.5,10.74
17825,278.515625,16.54
17826,278.53125,21.27
17827,278.546875,24.96
17828,278.5625,27.78
17829,278.578125,29.78
17830,278.59375,30.96
17831,278.609375,31.3
17832,278.625,30.81
17833,278.640625,29.65
17834,278.65625,28.06
17835,278.671875,26.34
17836,278.6875,24.72
17837,278.703125,23.34
17838,278.71875,22.18
17839,278.734375,21.11
17840,278.75,19.98
17841,278.765625,18.59
17842,278.78125,16.88
17843,278.796875,14.85
17844,278.8125,12.66
17845,278.828125,10.53
17846,278.84375,8.59
17847,278.859375,6.89
17848,278.875,5.35
17849,278.890625,3.83
17850,278.90625,2.11
17851,278.921875,-0.04
17852,278.9375,-2.82
17853,278.953125,-6.34
17854,278.96875,-10.46
17855,278.984375,-14.83
17856,279.0,-18.79
17857,279.015625,-21.58
17858,279.03125,-22.61
17859,279.046875,-21.69
17860,279.0625,-18.99
17861,279.078125,-15.14
17862,279.09375,-10.88
17863,279.109375,-6.84
17864,279.125,-3.41
17865,279.140625,-0.64
17866,279.15625,1.67
17867,279.171875,3.74
17868,279.1875,5.74
17869,279.203125,7.71
17870,279.21875,9.54
17871,279.234375,11.12
17872,279.25,12.44
17873,279.265625,13.62
17874,279.28125,14.92
17875,279.296875,16.53
17876,279.3125,18.5
17877,279.328125,20.62
17878,279.34375,22.55
17879,279.359375,23.94
17880,279.375,24.64
17881,279.390625,24.67
17882,279.40625,24.15
17883,279.421875,23.24
17884,279.4375,21.98
17885,279.453125,20.32
17886,279.46875,18.16
17887,279.484375,15.4
17888,279.5,11.92
17889,279.515625,7.63
17890,279.53125,2.48
17891,279.546875,-3.43
17892,279.5625,-9.78
17893,279.578125,-16.05
17894,279.59375,-21.56
17895,279.609375,-25.68
17896,279.625,-27.96
17897,279.640625,-28.32
17898,279.65625,-26.97
17899,279.671875,-24.29
17900,279.6875,-20.78
17901,279.703125,-16.82
17902,279.71875,-12.67
17903,279.734375,-8.53
17904,279.75,-4.56
17905,279.765625,-0.98
17906,279.78125,1.95
17907,279.796875,4.05
17908,279.8125,5.29
17909,279.828125,5.82
17910,279.84375,6.05
17911,279.859375,6.38
17912,279.875,7.15
17913,279.890625,8.45
17914,279.90625,10.09
17915,279.921875,11.71
17916,279.9375,12.86
17917,279.953125,13.24
17918,279.96875,12.75
17919,279.984375,11.61
17920,280.0,10.17
17921,280.015625,8.81
17922,280.03125,7.73
17923,280.046875,6.89
17924,280.0625,6.01
17925,280.078125,4.74
17926,280.09375,2.84
17927,280.109375,0.28
17928,280.125,-2.69
17929,280.140625,-5.55
17930,280.15625,-7.71
17931,280.171875,-8.63
17932,280.1875,-8.02
17933,280.203125,-5.92
17934,280.21875,-2.68
17935,280.234375,1.16
17936,280.25,5.02
17937,280.265625,8.52
17938,280.28125,11.49
17939,280.296875,13.99
17940,280.3125,16.2
17941,280.328125,18.2
17942,280.34375,20.03
17943,280.359375,21.62
17944,280.375,22.89
17945,280.390625,23.81
17946,280.40625,24.37
17947,280.421875,24.62
17948,280.4375,24.59
17949,280.453125,24.35
17950,280.46875,24.0
17951,280.484375,23.63
17952,280.5,23.27
17953,280.515625,22.93
17954,280.53125,22.54
17955,280.546875,22.04
17956,280.5625,21.39
17957,280.578125,20.57
17958,280.59375,19.56
17959,280.609375,18.3
17960,280.625,16.63
17961,280.640625,14.34
17962,280.65625,11.29
17963,280.671875,7.45
17964,280.6875,3.06
17965,280.703125,-1.51
17966,280.71875,-5.74
17967,280.734375,-9.12
17968,280.75,-11.23
17969,280.765625,-11.85
17970,280.78125,-10.94
17971,280.796875,-8.65
17972,280.8125,-5.27
17973,280.828125,-1.18
17974,280.84375,3.21
17975,280.859375,7.48
17976,280.875,11.31
17977,280.890625,14.47
17978,280.90625,16.89
17979,280.921875,18.59
17980,280.9375,19.66
17981,280.953125,20.16
17982,280.96875,20.14
17983,280.984375,19.66
17984,281.0,18.78
17985,281.015625,17.66
17986,281.03125,16.45
17987,281.046875,15.23
17988,281.0625,13.99
17989,281.078125,12.63
17990,281.09375,11.0
17991,281.109375,9.05
17992,281.125,6.89
17993,281.140625,4.73
17994,281.15625,2.79
17995,281.171875,1.16
17996,281.1875,-0.24
17997,281.203125,-1.68
17998,281.21875,-3.46
17999,281.234375,-5.84
18000,281.25,-8.92
18001,281.265625,-12.6
18002,281.28125,-16.53
18003,281.296875,-20.21
18004,281.3125,-23.05
18005,281.328125,-24.47
18006,281.34375,-24.1
18007,281.359375,-21.83
18008,281.375,-17.93
18009,281.390625,-12.85
18010,281.40625,-7.21
18011,281.421875,-1.61
18012,281.4375,3.53
18013,281.453125,7.96
18014,281.46875,11.59
18015,281.484375,14.46
18016,281.5,16.61
18017,281.515625,18.07
18018,281.53125,18.9
18019,281.546875,19.17
18020,281.5625,18.99
18021,281.578125,18.55
18022,281.59375,18.09
18023,281.609375,17.76
18024,281.625,17.6
18025,281.640625,17.47
18026,281.65625,17.13
18027,281.671875,16.36
18028,281.6875,15.05
18029,281.703125,13.28
18030,281.71875,11.25
18031,281.734375,9.18
18032,281.75,7.21
18033,281.765625,5.36
18034,281.78125,3.49
18035,281.796875,1.42
18036,281.8125,-1.02
18037,281.828125,-3.99
18038,281.84375,-7.5
18039,281.859375,-11.41
18040,281.875,-15.38
18041,281.890625,-18.91
18042,281.90625,-21.36
18043,281.921875,-22.28
18044,281.9375,-21.42
18045,281.953125,-18.9
18046,281.96875,-15.13
18047,281.984375,-10.66
18048,282.0,-6.03
18049,282.015625,-1.6
18050,282.03125,2.44
18051,282.046875,6.07
18052,282.0625,9.31
18053,282.078125,12.13
18054,282.09375,14.49
18055,282.109375,16.3
18056,282.125,17.48
18057,282.140625,18.0
18058,282.15625,17.9
18059,282.171875,17.3
18060,282.1875,16.37
18061,282.203125,15.29
18062,282.21875,14.2
18063,282.234375,13.17
18064,282.25,12.2
18065,282.265625,11.27
18066,282.28125,10.4
18067,282.296875,9.63
18068,282.3125,9.01
18069,282.328125,8.54
18070,282.34375,8.13
18071,282.359375,7.59
18072,282.375,6.72
18073,282.390625,5.32
18074,282.40625,3.32
18075,282.421875,0.72
18076,282.4375,-2.35
18077,282.453125,-5.66
18078,282.46875,-8.9
18079,282.484375,-11.66
18080,282.5,-13.55
18081,282.515625,-14.22
18082,282.53125,-13.57
18083,282.546875,-11.71
18084,282.5625,-8.96
18085,282.578125,-5.77
18086,282.59375,-2.52
18087,282.609375,0.54
18088,282.625,3.29
18089,282.640625,5.67
18090,282.65625,7.7
18091,282.671875,9.29
18092,282.6875,10.39
18093,282.703125,10.98
18094,282.71875,11.07
18095,282.734375,10.81
18096,282.75,10.37
18097,282.765625,9.94
18098,282.78125,9.6
18099,282.796875,9.37
18100,282.8125,9.11
18101,282.828125,8.73
18102,282.84375,8.17
18103,282.859375,7.42
18104,282.875,6.55
18105,282.890625,5.65
18106,282.90625,4.75
18107,282.921875,3.81
18108,282.9375,2.74
18109,282.953125,1.45
18110,282.96875,-0.11
18111,282.984375,-1.93
18112,283.0,-4.06
18113,283.015625,-6.5
18114,283.03125,-9.23
18115,283.046875,-12.14
18116,283.0625,-14.93
18117,283.078125,-17.2
18118,283.09375,-18.55
18119,283.109375,-18.7
18120,283.125,-17.54
18121,283.140625,-15.22
18122,283.15625,-12.01
18123,283.171875,-8.29
18124,283.1875,-4.45
18125,283.203125,-0.79
18126,283.21875,2.44
18127,283.234375,5.09
18128,283.25,7.11
18129,283.265625,8.57
18130,283.28125,9.56
18131,283.296875,10.19
18132,283.3125,10.56
18133,283.328125,10.69
18134,283.34375,10.65
18135,283.359375,10.47
18136,283.375,10.17
18137,283.390625,9.8
18138,283.40625,9.3
18139,283.421875,8.62
18140,283.4375,7.7
18141,283.453125,6.55
18142,283.46875,5.2
18143,283.484375,3.74
18144,283.5,2.27
18145,283.515625,0.87
18146,283.53125,-0.41
18147,283.546875,-1.61
18148,283.5625,-2.83
18149,283.578125,-4.24
18150,283.59375,-6.06
18151,283.609375,-8.45
18152,283.625,-11.37
18153,283.640625,-14.62
18154,283.65625,-17.77
18155,283.671875,-20.26
18156,283.6875,-21.66
18157,283.703125,-21.73
18158,283.71875,-20.46
18159,283.734375,-18.07
18160,283.75,-14.9
18161,283.765625,-11.27
18162,283.78125,-7.51
18163,283.796875,-3.92
18164,283.8125,-0.71
18165,283.828125,1.96
18166,283.84375,4.07
18167,283.859375,5.72
18168,283.875,7.06
18169,283.890625,8.17
18170,283.90625,9.09
18171,283.921875,9.77
18172,283.9375,10.13
18173,283.953125,10.18
18174,283.96875,10.02
18175,283.984375,9.82
18176,284.0,9.7
18177,284.015625,9.7
18178,284.03125,9.66
18179,284.046875,9.43
18180,284.0625,8.83
18181,284.078125,7.79
18182,284.09375,6.38
18183,284.109375,4.76
18184,284.125,3.09
18185,284.140625,1.54
18186,284.15625,0.14
18187,284.171875,-1.18
18188,284.1875,-2.58
18189,284.203125,-4.2
18190,284.21875,-6.13
18191,284.234375,-8.34
18192,284.25,-10.66
18193,284.265625,-12.81
18194,284.28125,-14.45
18195,284.296875,-15.28
18196,284.3125,-15.05
18197,284.328125,-13.67
18198,284.34375,-11.22
18199,284.359375,-7.96
18200,284.375,-4.3
18201,284.390625,-0.68
18202,284.40625,2.5
18203,284.421875,5.01
18204,284.4375,6.84
18205,284.453125,8.1
18206,284.46875,8.95
18207,284.484375,9.51
18208,284.5,9.85
18209,284.515625,9.98
18210,284.53125,9.95
18211,284.546875,9.81
18212,284.5625,9.7
18213,284.578125,9.63
18214,284.59375,9.55
18215,284.609375,9.34
18216,284.625,8.85
18217,284.640625,8.0
18218,284.65625,6.81
18219,284.671875,5.4
18220,284.6875,3.87
18221,284.703125,2.32
18222,284.71875,0.7
18223,284.734375,-1.06
18224,284.75,-3.04
18225,284.765625,-5.27
18226,284.78125,-7.69
18227,284.796875,-10.25
18228,284.8125,-12.88
18229,284.828125,-15.57
18230,284.84375,-18.29
18231,284.859375,-20.98
18232,284.875,-23.53
18233,284.890625,-25.65
18234,284.90625,-27.06
18235,284.921875,-27.52
18236,284.9375,-26.92
18237,284.953125,-25.33
18238,284.96875,-23.02
18239,284.984375,-20.33
18240,285.0,-17.61
18241,285.015625,-15.1
18242,285.03125,-12.88
18243,285.046875,-10.92
18244,285.0625,-9.09
18245,285.078125,-7.26
18246,285.09375,-5.37
18247,285.109375,-3.44
18248,285.125,-1.57
18249,285.140625,0.07
18250,285.15625,1.38
18251,285.171875,2.32
18252,285.1875,2.95
18253,285.203125,3.39
18254,285.21875,3.76
18255,285.234375,4.1
18256,285.25,4.4
18257,285.265625,4.58
18258,285.28125,4.59
18259,285.296875,4.43
18260,285.3125,4.1
18261,285.328125,3.65
18262,285.34375,3.07
18263,285.359375,2.33
18264,285.375,1.41
18265,285.390625,0.27
18266,285.40625,-1.09
18267,285.421875,-2.65
18268,285.4375,-4.38
18269,285.453125,-6.3
18270,285.46875,-8.43
18271,285.484375,-10.7
18272,285.5,-12.97
18273,285.515625,-14.93
18274,285.53125,-16.25
18275,285.546875,-16.63
18276,285.5625,-15.91
18277,285.578125,-14.18
18278,285.59375,-11.67
18279,285.609375,-8.72
18280,285.625,-5.67
18281,285.640625,-2.72
18282,285.65625,0.01
18283,285.671875,2.41
18284,285.6875,4.43
18285,285.703125,5.99
18286,285.71875,7.07
18287,285.734375,7.68
18288,285.75,7.92
18289,285.765625,7.91
18290,285.78125,7.74
18291,285.796875,7.51
18292,285.8125,7.27
18293,285.828125,7.03
18294,285.84375,6.76
18295,285.859375,6.41
18296,285.875,5.93
18297,285.890625,5.29
18298,285.90625,4.52
18299,285.921875,3.66
18300,285.9375,2.77
18301,285.953125,1.91
18302,285.96875,1.04
18303,285.984375,0.08
18304,286.0,-1.1
18305,286.015625,-2.59
18306,286.03125,-4.47
18307,286.046875,-6.77
18308,286.0625,-9.54
18309,286.078125,-12.73
18310,286.09375,-16.21
18311,286.109375,-19.61
18312,286.125,-22.47
18313,286.140625,-24.28
18314,286.15625,-24.71
18315,286.171875,-23.74
18316,286.1875,-21.67
18317,286.203125,-18.97
18318,286.21875,-16.07
18319,286.234375,-13.19
18320,286.25,-10.3
18321,286.265625,-7.31
18322,286.28125,-4.18
18323,286.296875,-1.06
18324,286.3125,1.73
18325,286.328125,3.9
18326,286.34375,5.34
18327,286.359375,6.16
18328,286.375,6.64
18329,286.390625,7.06
18330,286.40625,7.57
18331,286.421875,8.17
18332,286.4375,8.71
18333,286.453125,9.05
18334,286.46875,9.07
18335,286.484375,8.75
18336,286.5,8.12
18337,286.515625,7.21
18338,286.53125,6.1
18339,286.546875,4.84
18340,286.5625,3.52
18341,286.578125,2.19
18342,286.59375,0.88
18343,286.609375,-0.49
18344,286.625,-1.98
18345,286.640625,-3.69
18346,286.65625,-5.66
18347,286.671875,-7.92
18348,286.6875,-10.44
18349,286.703125,-13.11
18350,286.71875,-15.73
18351,286.734375,-18.01
18352,286.75,-19.54
18353,286.765625,-20.0
18354,286.78125,-19.23
18355,286.796875,-17.33
18356,286.8125,-14.63
18357,286.828125,-11.57
18358,286.84375,-8.54
18359,286.859375,-5.75
18360,286.875,-3.24
18361,286.890625,-0.93
18362,286.90625,1.24
18363,286.921875,3.26
18364,286.9375,5.03
18365,286.953125,6.47
18366,286.96875,7.57
18367,286.984375,8.34
18368,287.0,8.9
18369,287.015625,9.33
18370,287.03125,9.67
18371,287.046875,9.93
18372,287.0625,10.04
18373,287.078125,9.98
18374,287.09375,9.71
18375,287.109375,9.22
18376,287.125,8.49
18377,287.140625,7.5
18378,287.15625,6.25
18379,287.171875,4.76
18380,287.1875,3.15
18381,287.203125,1.55
18382,287.21875,0.08
18383,287.234375,-1.26
18384,287.25,-2.61
18385,287.265625,-4.21
18386,287.28125,-6.27
18387,287.296875,-8.88
18388,287.3125,-11.88
18389,287.328125,-14.91
18390,287.34375,-17.46
18391,287.359375,-19.06
18392,287.375,-19.47
18393,287.390625,-18.68
18394,287.40625,-16.95
18395,287.421875,-14.66
18396,287.4375,-12.16
18397,287.453125,-9.66
18398,287.46875,-7.2
18399,287.484375,-4.72
18400,287.5,-2.18
18401,287.515625,0.33
18402,287.53125,2.55
18403,287.546875,4.26
18404,287.5625,5.33
18405,287.578125,5.83
18406,287.59375,5.98
18407,287.609375,6.08
18408,287.625,6.27
18409,287.640625,6.57
18410,287.65625,6.85
18411,287.671875,6.95
18412,287.6875,6.86
18413,287.703125,6.68
18414,287.71875,6.55
18415,287.734375,6.61
18416,287.75,6.8
18417,287.765625,6.97
18418,287.78125,6.9
18419,287.796875,6.4
18420,287.8125,5.4
18421,287.828125,3.97
18422,287.84375,2.22
18423,287.859375,0.29
18424,287.875,-1.73
18425,287.890625,-3.74
18426,287.90625,-5.59
18427,287.921875,-7.02
18428,287.9375,-7.74
18429,287.953125,-7.53
18430,287.96875,-6.32
18431,287.984375,-4.29
18432,288.0,-1.81
18433,288.015625,0.8
18434,288.03125,3.31
18435,288.046875,5.71
18436,288.0625,8.16
18437,288.078125,10.84
18438,288.09375,13.85
18439,288.109375,17.04
18440,288.125,20.13
18441,288.140625,22.77
18442,288.15625,24.71
18443,288.171875,25.85
18444,288.1875,26.27
18445,288.203125,26.2
18446,288.21875,25.82
18447,288.234375,25.23
18448,288.25,24.43
18449,288.265625,23.3
18450,288.28125,21.84
18451,288.296875,20.16
18452,288.3125,18.46
18453,288.328125,16.93
18454,288.34375,15.58
18455,288.359375,14.19
18456,288.375,12.37
18457,288.390625,9.74
18458,288.40625,6.08
18459,288.421875,1.47
18460,288.4375,-3.8
18461,288.453125,-9.3
18462,288.46875,-14.5
18463,288.484375,-18.99
18464,288.5,-22.41
18465,288.515625,-24.48
18466,288.53125,-25.09
18467,288.546875,-24.34
18468,288.5625,-22.5
18469,288.578125,-20.0
18470,288.59375,-17.27
18471,288.609375,-14.64
18472,288.625,-12.29
18473,288.640625,-10.23
18474,288.65625,-8.42
18475,288.671875,-6.8
18476,288.6875,-5.39
18477,288.703125,-4.29
18478,288.71875,-3.64
18479,288.734375,-3.56
18480,288.75,-4.08
18481,288.765625,-5.08
18482,288.78125,-6.37
18483,288.796875,-7.71
18484,288.8125,-8.97
18485,288.828125,-10.17
18486,288.84375,-11.42
18487,288.859375,-12.84
18488,288.875,-14.48
18489,288.890625,-16.22
18490,288.90625,-17.88
18491,288.921875,-19.27
18492,288.9375,-20.3
18493,288.953125,-21.0
18494,288.96875,-21.56
18495,288.984375,-22.3
18496,289.0,-23.49
18497,289.015625,-25.31
18498,289.03125,-27.66
18499,289.046875,-30.14
18500,289.0625,-32.09
18501,289.078125,-32.84
18502,289.09375,-31.92
18503,289.109375,-29.27
18504,289.125,-25.23
18505,289.140625,-20.39
18506,289.15625,-15.34
18507,289.171875,-10.5
18508,289.1875,-6.06
18509,289.203125,-2.09
18510,289.21875,1.35
18511,289.234375,4.11
18512,289.25,6.03
18513,289.265625,7.05
18514,289.28125,7.3
18515,289.296875,7.05
18516,289.3125,6.65
18517,289.328125,6.35
18518,289.34375,6.21
18519,289.359375,6.13
18520,289.375,5.91
18521,289.390625,5.39
18522,289.40625,4.51
18523,289.421875,3.38
18524,289.4375,2.19
18525,289.453125,1.15
18526,289.46875,0.36
18527,289.484375,-0.32
18528,289.5,-1.2
18529,289.515625,-2.67
18530,289.53125,-5.02
18531,289.546875,-8.25
18532,289.5625,-11.96
18533,289.578125,-15.44
18534,289.59375,-17.86
18535,289.609375,-18.51
18536,289.625,-17.16
18537,289.640625,-14.0
18538,289.65625,-9.62
18539,289.671875,-4.77
18540,289.6875,-0.1
18541,289.703125,4.02
18542,289.71875,7.47
18543,289.734375,10.34
18544,289.75,12.76
18545,289.765625,14.83
18546,289.78125,16.58
18547,289.796875,17.95
18548,289.8125,18.91
18549,289.828125,19.46
18550,289.84375,19.59
18551,289.859375,19.35
18552,289.875,18.66
18553,289.890625,17.47
18554,289.90625,15.64
18555,289.921875,13.06
18556,289.9375,9.67
18557,289.953125,5.52
18558,289.96875,0.79
18559,289.984375,-4.22
18560,290.0,-9.16
18561,290.015625,-13.72
18562,290.03125,-17.67
18563,290.046875,-20.94
18564,290.0625,-23.48
18565,290.078125,-25.3
18566,290.09375,-26.29
18567,290.109375,-26.28
18568,290.125,-25.02
18569,290.140625,-22.34
18570,290.15625,-18.19
18571,290.171875,-12.73
18572,290.1875,-6.37
18573,290.203125,0.3
18574,290.21875,6.65
18575,290.234375,12.06
18576,290.25,16.1
18577,290.265625,18.65
18578,290.28125,19.89
18579,290.296875,20.21
18580,290.3125,20.03
18581,290.328125,19.69
18582,290.34375,19.33
18583,290.359375,18.96
18584,290.375,18.58
18585,290.390625,18.32
18586,290.40625,18.4
18587,290.421875,19.05
18588,290.4375,20.29
18589,290.453125,21.9
18590,290.46875,23.48
18591,290.484375,24.6
18592,290.5,24.96
18593,290.515625,24.52
18594,290.53125,23.35
18595,290.546875,21.45
18596,290.5625,18.68
18597,290.578125,14.77
18598,290.59375,9.59
18599,290.609375,3.35
18600,290.625,-3.29
18601,290.640625,-9.42
18602,290.65625,-14.15
18603,290.671875,-16.96
18604,290.6875,-17.83
18605,290.703125,-17.1
18606,290.71875,-15.28
18607,290.734375,-12.82
18608,290.75,-10.02
18609,290.765625,-7.04
18610,290.78125,-4.01
18611,290.796875,-1.04
18612,290.8125,1.7
18613,290.828125,4.07
18614,290.84375,6.08
18615,290.859375,7.8
18616,290.875,9.5
18617,290.890625,11.42
18618,290.90625,13.75
18619,290.921875,16.44
18620,290.9375,19.25
18621,290.953125,21.68
18622,290.96875,23.21
18623,290.984375,23.47
18624,291.0,22.37
18625,291.015625,20.11
18626,291.03125,17.11
18627,291.046875,13.81
18628,291.0625,10.51
18629,291.078125,7.32
18630,291.09375,4.18
18631,291.109375,1.0
18632,291.125,-2.23
18633,291.140625,-5.34
18634,291.15625,-8.0
18635,291.171875,-9.79
18636,291.1875,-10.36
18637,291.203125,-9.62
18638,291.21875,-7.77
18639,291.234375,-5.3
18640,291.25,-2.73
18641,291.265625,-0.5
18642,291.28125,1.24
18643,291.296875,2.68
18644,291.3125,4.09
18645,291.328125,5.72
18646,291.34375,7.61
18647,291.359375,9.55
18648,291.375,11.17
18649,291.390625,12.1
18650,291.40625,12.11
18651,291.421875,11.19
18652,291.4375,9.48
18653,291.453125,7.22
18654,291.46875,4.64
18655,291.484375,1.91
18656,291.5,-0.85
18657,291.515625,-3.57
18658,291.53125,-6.24
18659,291.546875,-8.91
18660,291.5625,-11.68
18661,291.578125,-14.69
18662,291.59375,-18.1
18663,291.609375,-21.94
18664,291.625,-26.1
18665,291.640625,-30.25
18666,291.65625,-33.94
18667,291.671875,-36.65
18668,291.6875,-37.98
18669,291.703125,-37.74
18670,291.71875,-35.93
18671,291.734375,-32.77
18672,291.75,-28.59
18673,291.765625,-23.86
18674,291.78125,-18.98
18675,291.796875,-14.38
18676,291.8125,-10.4
18677,291.828125,-7.38
18678,291.84375,-5.67
18679,291.859375,-5.61
18680,291.875,-7.48
18681,291.890625,-11.07
18682,291.90625,-15.65
18683,291.921875,-19.68
18684,291.9375,-21.2
18685,291.953125,-18.36
18686,291.96875,-10.23
18687,291.984375,2.77
18688,292.0,18.84
18689,292.015625,35.37
18690,292.03125,49.87
18691,292.046875,60.63
18692,292.0625,67.03
18693,292.078125,69.33
18694,292.09375,68.16
18695,292.109375,64.1
18696,292.125,57.59
18697,292.140625,49.16
18698,292.15625,39.61
18699,292.171875,30.13
18700,292.1875,21.99
18701,292.203125,16.06
18702,292.21875,12.56
18703,292.234375,10.94
18704,292.25,10.21
18705,292.265625,9.37
18706,292.28125,7.91
18707,292.296875,5.82
18708,292.3125,3.55
18709,292.328125,1.66
18710,292.34375,0.45
18711,292.359375,-0.11
18712,292.375,-0.37
18713,292.390625,-0.77
18714,292.40625,-1.61
18715,292.421875,-2.87
18716,292.4375,-4.31
18717,292.453125,-5.52
18718,292.46875,-6.19
18719,292.484375,-6.19
18720,292.5,-5.65
18721,292.515625,-4.86
18722,292.53125,-4.15
18723,292.546875,-3.7
18724,292.5625,-3.54
18725,292.578125,-3.56
18726,292.59375,-3.61
18727,292.609375,-3.57
18728,292.625,-3.46
18729,292.640625,-3.45
18730,292.65625,-3.85
18731,292.671875,-4.92
18732,292.6875,-6.75
18733,292.703125,-9.13
18734,292.71875,-11.53
18735,292.734375,-13.15
18736,292.75,-13.28
18737,292.765625,-11.48
18738,292.78125,-7.81
18739,292.796875,-2.79
18740,292.8125,2.72
18741,292.828125,7.88
18742,292.84375,12.04
18743,292.859375,14.94
18744,292.875,16.66
18745,292.890625,17.42
18746,292.90625,17.43
18747,292.921875,16.88
18748,292.9375,15.95
18749,292.953125,14.8
18750,292.96875,13.66
18751,292.984375,12.57
18752,293.0,11.36
18753,293.015625,9.61
18754,293.03125,6.86
18755,293.046875,2.91
18756,293.0625,-1.86
18757,293.078125,-6.61
18758,293.09375,-10.38
18759,293.109375,-12.56
18760,293.125,-13.28
18761,293.140625,-13.31
18762,293.15625,-13.63
18763,293.171875,-14.91
18764,293.1875,-17.11
18765,293.203125,-19.64
18766,293.21875,-21.79
18767,293.234375,-23.24
18768,293.25,-24.19
18769,293.265625,-25.21
18770,293.28125,-26.78
18771,293.296875,-28.85
18772,293.3125,-30.79
18773,293.328125,-31.69
18774,293.34375,-30.78
18775,293.359375,-27.94
18776,293.375,-23.68
18777,293.390625,-18.86
18778,293.40625,-14.33
18779,293.421875,-10.53
18780,293.4375,-7.41
18781,293.453125,-4.62
18782,293.46875,-1.81
18783,293.484375,1.21
18784,293.5,4.3
18785,293.515625,7.14
18786,293.53125,9.41
18787,293.546875,10.94
18788,293.5625,11.76
18789,293.578125,12.12
18790,293.59375,12.32
18791,293.609375,12.54
18792,293.625,12.81
18793,293.640625,12.97
18794,293.65625,12.72
18795,293.671875,11.88
18796,293.6875,10.4
18797,293.703125,8.46
18798,293.71875,6.37
18799,293.734375,4.42
18800,293.75,2.74
18801,293.765625,1.31
18802,293.78125,-0.03
18803,293.796875,-1.5
18804,293.8125,-3.3
18805,293.828125,-5.54
18806,293.84375,-8.22
18807,293.859375,-11.12
18808,293.875,-13.91
18809,293.890625,-16.08
18810,293.90625,-17.18
18811,293.921875,-16.93
18812,293.9375,-15.38
18813,293.953125,-12.91
18814,293.96875,-10.19
18815,293.984375,-7.8
18816,294.0,-6.09
18817,294.015625,-5.03
18818,294.03125,-4.28
18819,294.046875,-3.44
18820,294.0625,-2.31
18821,294.078125,-0.97
18822,294.09375,0.23
18823,294.109375,0.87
18824,294.125,0.74
18825,294.140625,-0.06
18826,294.15625,-1.16
18827,294.171875,-2.09
18828,294.1875,-2.57
18829,294.203125,-2.62
18830,294.21875,-2.61
18831,294.234375,-2.93
18832,294.25,-3.87
18833,294.265625,-5.36
18834,294.28125,-7.08
18835,294.296875,-8.6
18836,294.3125,-9.6
18837,294.328125,-10.05
18838,294.34375,-10.13
18839,294.359375,-10.21
18840,294.375,-10.6
18841,294.390625,-11.51
18842,294.40625,-12.99
18843,294.421875,-14.95
18844,294.4375,-17.16
18845,294.453125,-19.26
18846,294.46875,-20.78
18847,294.484375,-21.25
18848,294.5,-20.37
18849,294.515625,-18.15
18850,294.53125,-14.91
18851,294.546875,-11.2
18852,294.5625,-7.57
18853,294.578125,-4.47
18854,294.59375,-1.98
18855,294.609375,0.03
18856,294.625,1.81
18857,294.640625,3.58
18858,294.65625,5.42
18859,294.671875,7.21
18860,294.6875,8.75
18861,294.703125,9.82
18862,294.71875,10.31
18863,294.734375,10.28
18864,294.75,9.91
18865,294.765625,9.49
18866,294.78125,9.24
18867,294.796875,9.18
18868,294.8125,9.14
18869,294.828125,8.82
18870,294.84375,7.99
18871,294.859375,6.65
18872,294.875,5.01
18873,294.890625,3.4
18874,294.90625,2.1
18875,294.921875,1.21
18876,294.9375,0.61
18877,294.953125,0.09
18878,294.96875,-0.55
18879,294.984375,-1.4
18880,295.0,-2.57
18881,295.015625,-4.07
18882,295.03125,-5.86
18883,295.046875,-7.74
18884,295.0625,-9.3
18885,295.078125,-10.05
18886,295.09375,-9.6
18887,295.109375,-7.86
18888,295.125,-5.15
18889,295.140625,-2.13
18890,295.15625,0.55
18891,295.171875,2.47
18892,295.1875,3.57
18893,295.203125,4.16
18894,295.21875,4.61
18895,295.234375,5.21
18896,295.25,6.01
18897,295.265625,6.88
18898,295.28125,7.65
18899,295.296875,8.19
18900,295.3125,8.54
18901,295.328125,8.84
18902,295.34375,9.32
18903,295.359375,10.03
18904,295.375,10.9
18905,295.390625,11.68
18906,295.40625,12.05
18907,295.421875,11.79
18908,295.4375,10.88
18909,295.453125,9.49
18910,295.46875,7.89
18911,295.484375,6.35
18912,295.5,4.97
18913,295.515625,3.71
18914,295.53125,2.45
18915,295.546875,1.06
18916,295.5625,-0.58
18917,295.578125,-2.51
18918,295.59375,-4.76
18919,295.609375,-7.34
18920,295.625,-10.09
18921,295.640625,-12.73
18922,295.65625,-14.79
18923,295.671875,-15.75
18924,295.6875,-15.27
18925,295.703125,-13.29
18926,295.71875,-10.12
18927,295.734375,-6.42
18928,295.75,-2.93
18929,295.765625,-0.22
18930,295.78125,1.43
18931,295.796875,2.14
18932,295.8125,2.27
18933,295.828125,2.27
18934,295.84375,2.47
18935,295.859375,2.95
18936,295.875,3.57
18937,295.890625,4.08
18938,295.90625,4.29
18939,295.921875,4.15
18940,295.9375,3.75
18941,295.953125,3.25
18942,295.96875,2.77
18943,295.984375,2.28
18944,296.0,1.65
18945,296.015625,0.76
18946,296.03125,-0.42
18947,296.046875,-1.73
18948,296.0625,-2.95
18949,296.078125,-3.88
18950,296.09375,-4.48
18951,296.109375,-4.93
18952,296.125,-5.46
18953,296.140625,-6.28
18954,296.15625,-7.41
18955,296.171875,-8.71
18956,296.1875,-9.99
18957,296.203125,-11.2
18958,296.21875,-12.44
18959,296.234375,-13.95
18960,296.25,-15.84
18961,296.265625,-17.98
18962,296.28125,-19.93
18963,296.296875,-21.11
18964,296.3125,-21.04
18965,296.328125,-19.56
18966,296.34375,-16.86
18967,296.359375,-13.41
18968,296.375,-9.81
18969,296.390625,-6.55
18970,296.40625,-3.94
18971,296.421875,-2.05
18972,296.4375,-0.72
18973,296.453125,0.42
18974,296.46875,1.75
18975,296.484375,3.58
18976,296.5,5.93
18977,296.515625,8.55
18978,296.53125,10.94
18979,296.546875,12.66
18980,296.5625,13.46
18981,296.578125,13.42
18982,296.59375,12.88
18983,296.609375,12.2
18984,296.625,11.63
18985,296.640625,11.17
18986,296.65625,10.67
18987,296.671875,9.95
18988,296.6875,8.91
18989,296.703125,7.59
18990,296.71875,6.1
18991,296.734375,4.59
18992,296.75,3.06
18993,296.765625,1.54
18994,296.78125,-0.05
18995,296.796875,-1.74
18996,296.8125,-3.55
18997,296.828125,-5.48
18998,296.84375,-7.63
18999,296.859375,-10.11
19000,296.875,-13.02
19001,296.890625,-16.25
19002,296.90625,-19.45
19003,296.921875,-21.94
19004,296.9375,-23.04
19005,296.953125,-22.28
19006,296.96875,-19.68
19007,296.984375,-15.84
19008,297.0,-11.67
19009,297.015625,-8.01
19010,297.03125,-5.29
19011,297.046875,-3.41
19012,297.0625,-1.93
19013,297.078125,-0.39
19014,297.09375,1.32
19015,297.109375,3.01
19016,297.125,4.24
19017,297.140625,4.72
19018,297.15625,4.48
19019,297.171875,3.9
19020,297.1875,3.55
19021,297.203125,3.85
19022,297.21875,4.82
19023,297.234375,6.11
19024,297.25,7.09
19025,297.265625,7.18
19026,297.28125,6.11
19027,297.296875,4.05
19028,297.3125,1.51
19029,297.328125,-0.87
19030,297.34375,-2.62
19031,297.359375,-3.62
19032,297.375,-4.09
19033,297.390625,-4.44
19034,297.40625,-5.06
19035,297.421875,-6.16
19036,297.4375,-7.76
19037,297.453125,-9.8
19038,297.46875,-12.23
19039,297.484375,-15.07
19040,297.5,-18.3
19041,297.515625,-21.74
19042,297.53125,-24.89
19043,297.546875,-27.12
19044,297.5625,-27.83
19045,297.578125,-26.75
19046,297.59375,-24.11
19047,297.609375,-20.47
19048,297.625,-16.58
19049,297.640625,-13.03
19050,297.65625,-10.09
19051,297.671875,-7.73
19052,297.6875,-5.75
19053,297.703125,-3.9
19054,297.71875,-2.07
19055,297.734375,-0.26
19056,297.75,1.45
19057,297.765625,2.95
19058,297.78125,4.18
19059,297.796875,5.19
19060,297.8125,6.04
19061,297.828125,6.85
19062,297.84375,7.69
19063,297.859375,8.54
19064,297.875,9.36
19065,297.890625,10.09
19066,297.90625,10.68
19067,297.921875,11.14
19068,297.9375,11.45
19069,297.953125,11.54
19070,297.96875,11.27
19071,297.984375,10.51
19072,298.0,9.25
19073,298.015625,7.68
19074,298.03125,6.14
19075,298.046875,4.89
19076,298.0625,3.98
19077,298.078125,3.11
19078,298.09375,1.78
19079,298.109375,-0.4
19080,298.125,-3.4
19081,298.140625,-6.67
19082,298.15625,-9.36
19083,298.171875,-10.68
19084,298.1875,-10.25
19085,298.203125,-8.28
19086,298.21875,-5.34
19087,298.234375,-2.09
19088,298.25,1.05
19089,298.265625,3.88
19090,298.28125,6.42
19091,298.296875,8.64
19092,298.3125,10.5
19093,298.328125,11.92
19094,298.34375,12.87
19095,298.359375,13.44
19096,298.375,13.76
19097,298.390625,13.97
19098,298.40625,14.11
19099,298.421875,14.2
19100,298.4375,14.26
19101,298.453125,14.33
19102,298.46875,14.39
19103,298.484375,14.32
19104,298.5,13.91
19105,298.515625,12.98
19106,298.53125,11.47
19107,298.546875,9.5
19108,298.5625,7.34
19109,298.578125,5.28
19110,298.59375,3.48
19111,298.609375,1.93
19112,298.625,0.49
19113,298.640625,-0.98
19114,298.65625,-2.57
19115,298.671875,-4.32
19116,298.6875,-6.28
19117,298.703125,-8.56
19118,298.71875,-11.26
19119,298.734375,-14.4
19120,298.75,-17.76
19121,298.765625,-20.79
19122,298.78125,-22.79
19123,298.796875,-23.11
19124,298.8125,-21.45
19125,298.828125,-17.99
19126,298.84375,-13.33
19127,298.859375,-8.27
19128,298.875,-3.55
19129,298.890625,0.4
19130,298.90625,3.49
19131,298.921875,5.87
19132,298.9375,7.79
19133,298.953125,9.48
19134,298.96875,11.09
19135,298.984375,12.67
19136,299.0,14.17
19137,299.015625,15.45
19138,299.03125,16.3
19139,299.046875,16.54
19140,299.0625,16.07
19141,299.078125,15.03
19142,299.09375,13.65
19143,299.109375,12.23
19144,299.125,10.96
19145,299.140625,9.84
19146,299.15625,8.69
19147,299.171875,7.36
19148,299.1875,5.72
19149,299.203125,3.82
19150,299.21875,1.82
19151,299.234375,-0.16
19152,299.25,-2.0
19153,299.265625,-3.67
19154,299.28125,-5.23
19155,299.296875,-6.74
19156,299.3125,-8.34
19157,299.328125,-10.27
19158,299.34375,-12.76
19159,299.359375,-15.93
19160,299.375,-19.67
19161,299.390625,-23.49
19162,299.40625,-26.63
19163,299.421875,-28.33
19164,299.4375,-28.02
19165,299.453125,-25.62
19166,299.46875,-21.49
19167,299.484375,-16.3
19168,299.5,-10.79
19169,299.515625,-5.54
19170,299.53125,-0.91
19171,299.546875,2.96
19172,299.5625,6.05
19173,299.578125,8.45
19174,299.59375,10.34
19175,299.609375,11.97
19176,299.625,13.61
19177,299.640625,15.43
19178,299.65625,17.39
19179,299.671875,19.26
19180,299.6875,20.72
19181,299.703125,21.5
19182,299.71875,21.51
19183,299.734375,20.91
19184,299.75,19.98
19185,299.765625,19.02
19186,299.78125,18.23
19187,299.796875,17.59
19188,299.8125,16.98
19189,299.828125,16.26
19190,299.84375,15.26
19191,299.859375,13.89
19192,299.875,12.14
19193,299.890625,10.07
19194,299.90625,7.82
19195,299.921875,5.59
19196,299.9375,3.52
19197,299.953125,1.64
19198,299.96875,-0.11
19199,299.984375,-1.93
19200,300.0,-4.06
